SS  SEM Missouri Spr2008 Final Content:CA Grade:08 (25JUN08)                    
   1       0                                                                    
   2       0                                                                    
   3       0                                                                    
   4       0                                                                    
   5       0                                                                    
   6       0                                                                    
   7       0                                                                    
   8       0                                                                    
   9       0                                                                    
  10       0                                                                    
  11       0                                                                    
  12       0                                                                    
  13       0                                                                    
  14       0                                                                    
  15       0                                                                    
  16       0                                                                    
  17       0                                                                    
  18       0                                                                    
  19       0                                                                    
  20       0                                                                    
  21       0                                                                    
  22       0                                                                    
  23       0                                                                    
  24       0                                                                    
  25       0                                                                    
  26       0                                                                    
  27       0                                                                    
  28       0                                                                    
  29       0                                                                    
  30       0                                                                    
  31       0                                                                    
  32       0                                                                    
  33       0                                                                    
  34       0                                                                    
  35       0                                                                    
  36       0                                                                    
  37       0                                                                    
  38       0                                                                    
  39       0                                                                    
  40       0                                                                    
  41       0                                                                    
  42       0                                                                    
  43       0                                                                    
  44       0                                                                    
  45       0                                                                    
  46       0                                                                    
  47       0                                                                    
  48       0                                                                    
  49       0                                                                    
  50       0                                                                    
  51       0                                                                    
  52       0                                                                    
  53       0                                                                    
  54       0                                                                    
  55       0                                                                    
  56       0                                                                    
  57       0                                                                    
  58       0                                                                    
  59       0                                                                    
  60       0                                                                    
  61       0                                                                    
  62       0                                                                    
  63       0                                                                    
  64       0                                                                    
  65       0                                                                    
  66       0                                                                    
  67       0                                                                    
  68       0                                                                    
  69       0                                                                    
  70       0                                                                    
  71       0                                                                    
  72       0                                                                    
  73       0                                                                    
  74       0                                                                    
  75       0                                                                    
  76       0                                                                    
  77       0                                                                    
  78       0                                                                    
  79       0                                                                    
  80       0                                                                    
  81       0                                                                    
  82       0                                                                    
  83       0                                                                    
  84       0                                                                    
  85       0                                                                    
  86       0                                                                    
  87       0                                                                    
  88       0                                                                    
  89       0                                                                    
  90       0                                                                    
  91       0                                                                    
  92       0                                                                    
  93       0                                                                    
  94       0                                                                    
  95       0                                                                    
  96       0                                                                    
  97       0                                                                    
  98       0                                                                    
  99       0                                                                    
 100       0                                                                    
 101       0                                                                    
 102       0                                                                    
 103       0                                                                    
 104       0                                                                    
 105       0                                                                    
 106       0                                                                    
 107       0                                                                    
 108       0                                                                    
 109       0                                                                    
 110       0                                                                    
 111       0                                                                    
 112       0                                                                    
 113       0                                                                    
 114       0                                                                    
 115       0                                                                    
 116       0                                                                    
 117       0                                                                    
 118       0                                                                    
 119       0                                                                    
 120       0                                                                    
 121       0                                                                    
 122       0                                                                    
 123       0                                                                    
 124       0                                                                    
 125       0                                                                    
 126       0                                                                    
 127       0                                                                    
 128       0                                                                    
 129       0                                                                    
 130       0                                                                    
 131       0                                                                    
 132       0                                                                    
 133       0                                                                    
 134       0                                                                    
 135       0                                                                    
 136       0                                                                    
 137       0                                                                    
 138       0                                                                    
 139       0                                                                    
 140       0                                                                    
 141       0                                                                    
 142       0                                                                    
 143       0                                                                    
 144       0                                                                    
 145       0                                                                    
 146       0                                                                    
 147       0                                                                    
 148       0                                                                    
 149       0                                                                    
 150       0                                                                    
 151       0                                                                    
 152       0                                                                    
 153       0                                                                    
 154       0                                                                    
 155       0                                                                    
 156       0                                                                    
 157       0                                                                    
 158       0                                                                    
 159       0                                                                    
 160       0                                                                    
 161       0                                                                    
 162       0                                                                    
 163       0                                                                    
 164       0                                                                    
 165       0                                                                    
 166       0                                                                    
 167       0                                                                    
 168       0                                                                    
 169       0                                                                    
 170       0                                                                    
 171       0                                                                    
 172       0                                                                    
 173       0                                                                    
 174       0                                                                    
 175       0                                                                    
 176       0                                                                    
 177       0                                                                    
 178       0                                                                    
 179       0                                                                    
 180       0                                                                    
 181       0                                                                    
 182       0                                                                    
 183       0                                                                    
 184       0                                                                    
 185       0                                                                    
 186       0                                                                    
 187       0                                                                    
 188       0                                                                    
 189       0                                                                    
 190       0                                                                    
 191       0                                                                    
 192       0                                                                    
 193       0                                                                    
 194       0                                                                    
 195       0                                                                    
 196       0                                                                    
 197       0                                                                    
 198       0                                                                    
 199       0                                                                    
 200       0                                                                    
 201       0                                                                    
 202       0                                                                    
 203       0                                                                    
 204       0                                                                    
 205       0                                                                    
 206       0                                                                    
 207       0                                                                    
 208       0                                                                    
 209       0                                                                    
 210       0                                                                    
 211       0                                                                    
 212       0                                                                    
 213       0                                                                    
 214       0                                                                    
 215       0                                                                    
 216       0                                                                    
 217       0                                                                    
 218       0                                                                    
 219       0                                                                    
 220       0                                                                    
 221       0                                                                    
 222       0                                                                    
 223       0                                                                    
 224       0                                                                    
 225       0                                                                    
 226       0                                                                    
 227       0                                                                    
 228       0                                                                    
 229       0                                                                    
 230       0                                                                    
 231       0                                                                    
 232       0                                                                    
 233       0                                                                    
 234       0                                                                    
 235       0                                                                    
 236       0                                                                    
 237       0                                                                    
 238       0                                                                    
 239       0                                                                    
 240       0                                                                    
 241       0                                                                    
 242       0                                                                    
 243       0                                                                    
 244       0                                                                    
 245       0                                                                    
 246       0                                                                    
 247       0                                                                    
 248       0                                                                    
 249       0                                                                    
 250       0                                                                    
 251       0                                                                    
 252       0                                                                    
 253       0                                                                    
 254       0                                                                    
 255       0                                                                    
 256       0                                                                    
 257       0                                                                    
 258       0                                                                    
 259       0                                                                    
 260       0                                                                    
 261       0                                                                    
 262       0                                                                    
 263       0                                                                    
 264       0                                                                    
 265       0                                                                    
 266       0                                                                    
 267       0                                                                    
 268       0                                                                    
 269       0                                                                    
 270       0                                                                    
 271       0                                                                    
 272       0                                                                    
 273       0                                                                    
 274       0                                                                    
 275       0                                                                    
 276       0                                                                    
 277       0                                                                    
 278       0                                                                    
 279       0                                                                    
 280       0                                                                    
 281       0                                                                    
 282       0                                                                    
 283       0                                                                    
 284       0                                                                    
 285       0                                                                    
 286       0                                                                    
 287       0                                                                    
 288       0                                                                    
 289       0                                                                    
 290       0                                                                    
 291       0                                                                    
 292       0                                                                    
 293       0                                                                    
 294       0                                                                    
 295       0                                                                    
 296       0                                                                    
 297       0                                                                    
 298       0                                                                    
 299       0                                                                    
 300       0                                                                    
 301       0                                                                    
 302       0                                                                    
 303       0                                                                    
 304       0                                                                    
 305       0                                                                    
 306       0                                                                    
 307       0                                                                    
 308       0                                                                    
 309       0                                                                    
 310       0                                                                    
 311       0                                                                    
 312       0                                                                    
 313       0                                                                    
 314       0                                                                    
 315       0                                                                    
 316       0                                                                    
 317       0                                                                    
 318       0                                                                    
 319       0                                                                    
 320       0                                                                    
 321       0                                                                    
 322       0                                                                    
 323       0                                                                    
 324       0                                                                    
 325       0                                                                    
 326       0                                                                    
 327       0                                                                    
 328       0                                                                    
 329       0                                                                    
 330       0                                                                    
 331       0                                                                    
 332       0                                                                    
 333       0                                                                    
 334       0                                                                    
 335       0                                                                    
 336       0                                                                    
 337       0                                                                    
 338       0                                                                    
 339       0                                                                    
 340       0                                                                    
 341       0                                                                    
 342       0                                                                    
 343       0                                                                    
 344       0                                                                    
 345       0                                                                    
 346       0                                                                    
 347       0                                                                    
 348       0                                                                    
 349       0                                                                    
 350       0                                                                    
 351       0                                                                    
 352       0                                                                    
 353       0                                                                    
 354       0                                                                    
 355       0                                                                    
 356       0                                                                    
 357       0                                                                    
 358       0                                                                    
 359       0                                                                    
 360       0                                                                    
 361       0                                                                    
 362       0                                                                    
 363       0                                                                    
 364       0                                                                    
 365       0                                                                    
 366       0                                                                    
 367       0                                                                    
 368       0                                                                    
 369       0                                                                    
 370       0                                                                    
 371       0                                                                    
 372       0                                                                    
 373       0                                                                    
 374       0                                                                    
 375       0                                                                    
 376       0                                                                    
 377       0                                                                    
 378       0                                                                    
 379       0                                                                    
 380       0                                                                    
 381       0                                                                    
 382       0                                                                    
 383       0                                                                    
 384       0                                                                    
 385       0                                                                    
 386       0                                                                    
 387       0                                                                    
 388       0                                                                    
 389       0                                                                    
 390       0                                                                    
 391       0                                                                    
 392       0                                                                    
 393       0                                                                    
 394       0                                                                    
 395       0                                                                    
 396       0                                                                    
 397       0                                                                    
 398       0                                                                    
 399       0                                                                    
 400       0                                                                    
 401       0                                                                    
 402       0                                                                    
 403       0                                                                    
 404       0                                                                    
 405       0                                                                    
 406       0                                                                    
 407       0                                                                    
 408       0                                                                    
 409       0                                                                    
 410       0                                                                    
 411       0                                                                    
 412       0                                                                    
 413       0                                                                    
 414       0                                                                    
 415       0                                                                    
 416       0                                                                    
 417       0                                                                    
 418       0                                                                    
 419       0                                                                    
 420       0                                                                    
 421       0                                                                    
 422       0                                                                    
 423       0                                                                    
 424       0                                                                    
 425       0                                                                    
 426       0                                                                    
 427       0                                                                    
 428       0                                                                    
 429       0                                                                    
 430       0                                                                    
 431       0                                                                    
 432       0                                                                    
 433       0                                                                    
 434       0                                                                    
 435       0                                                                    
 436       0                                                                    
 437       0                                                                    
 438       0                                                                    
 439       0                                                                    
 440       0                                                                    
 441       0                                                                    
 442       0                                                                    
 443       0                                                                    
 444       0                                                                    
 445       0                                                                    
 446       0                                                                    
 447       0                                                                    
 448       0                                                                    
 449       0                                                                    
 450       0                                                                    
 451       0                                                                    
 452       0                                                                    
 453       0                                                                    
 454       0                                                                    
 455       0                                                                    
 456       0                                                                    
 457       0                                                                    
 458       0                                                                    
 459       0                                                                    
 460       0                                                                    
 461       0                                                                    
 462       0                                                                    
 463       0                                                                    
 464       0                                                                    
 465       0                                                                    
 466       0                                                                    
 467       0                                                                    
 468       0                                                                    
 469       0                                                                    
 470       0                                                                    
 471       0                                                                    
 472       0                                                                    
 473       0                                                                    
 474       0                                                                    
 475       0                                                                    
 476       0                                                                    
 477       0                                                                    
 478       0                                                                    
 479       0                                                                    
 480       0                                                                    
 481       0                                                                    
 482       0                                                                    
 483       0                                                                    
 484       0                                                                    
 485       0                                                                    
 486       0                                                                    
 487       0                                                                    
 488       0                                                                    
 489       0                                                                    
 490       0                                                                    
 491       0                                                                    
 492       0                                                                    
 493       0                                                                    
 494       0                                                                    
 495       0                                                                    
 496       0                                                                    
 497       0                                                                    
 498       0                                                                    
 499       0                                                                    
 500       0                                                                    
 501       0                                                                    
 502       0                                                                    
 503       0                                                                    
 504       0                                                                    
 505       0                                                                    
 506       0                                                                    
 507       0                                                                    
 508       0                                                                    
 509       0                                                                    
 510       0                                                                    
 511       0                                                                    
 512       0                                                                    
 513       0                                                                    
 514       0                                                                    
 515       0                                                                    
 516       0                                                                    
 517       0                                                                    
 518       0                                                                    
 519       0                                                                    
 520       0                                                                    
 521       0                                                                    
 522       0                                                                    
 523       0                                                                    
 524       0                                                                    
 525       0                                                                    
 526       0                                                                    
 527       0                                                                    
 528       0                                                                    
 529       0                                                                    
 530      61                                                                    
 531      60                                                                    
 532      59                                                                    
 533      58                                                                    
 534      57                                                                    
 535      56                                                                    
 536      55                                                                    
 537      54                                                                    
 538      53                                                                    
 539      52                                                                    
 540      51                                                                    
 541      50                                                                    
 542      50                                                                    
 543      49                                                                    
 544      48                                                                    
 545      47                                                                    
 546      46                                                                    
 547      45                                                                    
 548      45                                                                    
 549      44                                                                    
 550      43                                                                    
 551      42                                                                    
 552      42                                                                    
 553      41                                                                    
 554      40                                                                    
 555      39                                                                    
 556      39                                                                    
 557      38                                                                    
 558      37                                                                    
 559      37                                                                    
 560      36                                                                    
 561      35                                                                    
 562      35                                                                    
 563      34                                                                    
 564      34                                                                    
 565      33                                                                    
 566      32                                                                    
 567      32                                                                    
 568      31                                                                    
 569      31                                                                    
 570      30                                                                    
 571      30                                                                    
 572      29                                                                    
 573      29                                                                    
 574      28                                                                    
 575      28                                                                    
 576      27                                                                    
 577      27                                                                    
 578      26                                                                    
 579      26                                                                    
 580      25                                                                    
 581      25                                                                    
 582      24                                                                    
 583      24                                                                    
 584      23                                                                    
 585      23                                                                    
 586      23                                                                    
 587      22                                                                    
 588      22                                                                    
 589      21                                                                    
 590      21                                                                    
 591      21                                                                    
 592      20                                                                    
 593      20                                                                    
 594      20                                                                    
 595      19                                                                    
 596      19                                                                    
 597      18                                                                    
 598      18                                                                    
 599      18                                                                    
 600      18                                                                    
 601      17                                                                    
 602      17                                                                    
 603      17                                                                    
 604      16                                                                    
 605      16                                                                    
 606      16                                                                    
 607      15                                                                    
 608      15                                                                    
 609      15                                                                    
 610      15                                                                    
 611      14                                                                    
 612      14                                                                    
 613      14                                                                    
 614      14                                                                    
 615      13                                                                    
 616      13                                                                    
 617      13                                                                    
 618      13                                                                    
 619      12                                                                    
 620      12                                                                    
 621      12                                                                    
 622      12                                                                    
 623      12                                                                    
 624      11                                                                    
 625      11                                                                    
 626      11                                                                    
 627      11                                                                    
 628      11                                                                    
 629      10                                                                    
 630      10                                                                    
 631      10                                                                    
 632      10                                                                    
 633      10                                                                    
 634      10                                                                    
 635      10                                                                    
 636       9                                                                    
 637       9                                                                    
 638       9                                                                    
 639       9                                                                    
 640       9                                                                    
 641       9                                                                    
 642       9                                                                    
 643       9                                                                    
 644       9                                                                    
 645       9                                                                    
 646       8                                                                    
 647       8                                                                    
 648       8                                                                    
 649       8                                                                    
 650       8                                                                    
 651       8                                                                    
 652       8                                                                    
 653       8                                                                    
 654       8                                                                    
 655       8                                                                    
 656       8                                                                    
 657       8                                                                    
 658       8                                                                    
 659       8                                                                    
 660       8                                                                    
 661       8                                                                    
 662       8                                                                    
 663       8                                                                    
 664       7                                                                    
 665       7                                                                    
 666       7                                                                    
 667       7                                                                    
 668       7                                                                    
 669       7                                                                    
 670       7                                                                    
 671       7                                                                    
 672       7                                                                    
 673       7                                                                    
 674       7                                                                    
 675       7                                                                    
 676       8                                                                    
 677       8                                                                    
 678       8                                                                    
 679       8                                                                    
 680       8                                                                    
 681       8                                                                    
 682       8                                                                    
 683       8                                                                    
 684       8                                                                    
 685       8                                                                    
 686       8                                                                    
 687       8                                                                    
 688       8                                                                    
 689       8                                                                    
 690       8                                                                    
 691       8                                                                    
 692       8                                                                    
 693       8                                                                    
 694       8                                                                    
 695       8                                                                    
 696       8                                                                    
 697       8                                                                    
 698       8                                                                    
 699       8                                                                    
 700       8                                                                    
 701       8                                                                    
 702       9                                                                    
 703       9                                                                    
 704       9                                                                    
 705       9                                                                    
 706       9                                                                    
 707       9                                                                    
 708       9                                                                    
 709       9                                                                    
 710       9                                                                    
 711       9                                                                    
 712       9                                                                    
 713       9                                                                    
 714       9                                                                    
 715       9                                                                    
 716       9                                                                    
 717       9                                                                    
 718       9                                                                    
 719       9                                                                    
 720       9                                                                    
 721       9                                                                    
 722       9                                                                    
 723       9                                                                    
 724       9                                                                    
 725       9                                                                    
 726       9                                                                    
 727       9                                                                    
 728       9                                                                    
 729       9                                                                    
 730       9                                                                    
 731       9                                                                    
 732       9                                                                    
 733       9                                                                    
 734       9                                                                    
 735       9                                                                    
 736       9                                                                    
 737      10                                                                    
 738      10                                                                    
 739      10                                                                    
 740      10                                                                    
 741      10                                                                    
 742      10                                                                    
 743      10                                                                    
 744      10                                                                    
 745      11                                                                    
 746      11                                                                    
 747      11                                                                    
 748      11                                                                    
 749      11                                                                    
 750      12                                                                    
 751      12                                                                    
 752      12                                                                    
 753      12                                                                    
 754      12                                                                    
 755      13                                                                    
 756      13                                                                    
 757      13                                                                    
 758      13                                                                    
 759      14                                                                    
 760      14                                                                    
 761      14                                                                    
 762      14                                                                    
 763      15                                                                    
 764      15                                                                    
 765      15                                                                    
 766      16                                                                    
 767      16                                                                    
 768      16                                                                    
 769      17                                                                    
 770      17                                                                    
 771      17                                                                    
 772      18                                                                    
 773      18                                                                    
 774      18                                                                    
 775      19                                                                    
 776      19                                                                    
 777      19                                                                    
 778      20                                                                    
 779      20                                                                    
 780      21                                                                    
 781      21                                                                    
 782      22                                                                    
 783      22                                                                    
 784      22                                                                    
 785      23                                                                    
 786      23                                                                    
 787      24                                                                    
 788      24                                                                    
 789      25                                                                    
 790      25                                                                    
 791      26                                                                    
 792      26                                                                    
 793      27                                                                    
 794      27                                                                    
 795      28                                                                    
 796      28                                                                    
 797      29                                                                    
 798      30                                                                    
 799      30                                                                    
 800      31                                                                    
 801      31                                                                    
 802      32                                                                    
 803      33                                                                    
 804      33                                                                    
 805      34                                                                    
 806      34                                                                    
 807      35                                                                    
 808      36                                                                    
 809      36                                                                    
 810      37                                                                    
 811      38                                                                    
 812      38                                                                    
 813      39                                                                    
 814      40                                                                    
 815      40                                                                    
 816      41                                                                    
 817      42                                                                    
 818      43                                                                    
 819      43                                                                    
 820      44                                                                    
 821      45                                                                    
 822      46                                                                    
 823      47                                                                    
 824      47                                                                    
 825      48                                                                    
 826      49                                                                    
 827      50                                                                    
 828      51                                                                    
 829      52                                                                    
 830      52                                                                    
 831      53                                                                    
 832      54                                                                    
 833      55                                                                    
 834      56                                                                    
 835      57                                                                    
 836      58                                                                    
 837      59                                                                    
 838      60                                                                    
 839      61                                                                    
 840      62                                                                    
 841      63                                                                    
 842      64                                                                    
 843      65                                                                    
 844      66                                                                    
 845      67                                                                    
 846      68                                                                    
 847      69                                                                    
 848      70                                                                    
 849      71                                                                    
 850      72                                                                    
 851      73                                                                    
 852      74                                                                    
 853      75                                                                    
 854      76                                                                    
 855      77                                                                    
 856      78                                                                    
 857      79                                                                    
 858      80                                                                    
 859      81                                                                    
 860      82                                                                    
 861      83                                                                    
 862      84                                                                    
 863      85                                                                    
 864      86                                                                    
 865      87                                                                    
 866      88                                                                    
 867      89                                                                    
 868      90                                                                    
 869      91                                                                    
 870      92                                                                    
 871      93                                                                    
 872      94                                                                    
 873      95                                                                    
 874      96                                                                    
 875      97                                                                    
 876       0                                                                    
 877       0                                                                    
 878       0                                                                    
 879       0                                                                    
 880       0                                                                    
 881       0                                                                    
 882       0                                                                    
 883       0                                                                    
 884       0                                                                    
 885       0                                                                    
 886       0                                                                    
 887       0                                                                    
 888       0                                                                    
 889       0                                                                    
 890       0                                                                    
 891       0                                                                    
 892       0                                                                    
 893       0                                                                    
 894       0                                                                    
 895       0                                                                    
 896       0                                                                    
 897       0                                                                    
 898       0                                                                    
 899       0                                                                    
 900       0                                                                    
 901       0                                                                    
 902       0                                                                    
 903       0                                                                    
 904       0                                                                    
 905       0                                                                    
 906       0                                                                    
 907       0                                                                    
 908       0                                                                    
 909       0                                                                    
 910       0                                                                    
 911       0                                                                    
 912       0                                                                    
 913       0                                                                    
 914       0                                                                    
 915       0                                                                    
 916       0                                                                    
 917       0                                                                    
 918       0                                                                    
 919       0                                                                    
 920       0                                                                    
 921       0                                                                    
 922       0                                                                    
 923       0                                                                    
 924       0                                                                    
 925       0                                                                    
 926       0                                                                    
 927       0                                                                    
 928       0                                                                    
 929       0                                                                    
 930       0                                                                    
 931       0                                                                    
 932       0                                                                    
 933       0                                                                    
 934       0                                                                    
 935       0                                                                    
 936       0                                                                    
 937       0                                                                    
 938       0                                                                    
 939       0                                                                    
 940       0                                                                    
 941       0                                                                    
 942       0                                                                    
 943       0                                                                    
 944       0                                                                    
 945       0                                                                    
 946       0                                                                    
 947       0                                                                    
 948       0                                                                    
 949       0                                                                    
 950       0                                                                    
 951       0                                                                    
 952       0                                                                    
 953       0                                                                    
 954       0                                                                    
 955       0                                                                    
 956       0                                                                    
 957       0                                                                    
 958       0                                                                    
 959       0                                                                    
 960       0                                                                    
 961       0                                                                    
 962       0                                                                    
 963       0                                                                    
 964       0                                                                    
 965       0                                                                    
 966       0                                                                    
 967       0                                                                    
 968       0                                                                    
 969       0                                                                    
 970       0                                                                    
 971       0                                                                    
 972       0                                                                    
 973       0                                                                    
 974       0                                                                    
 975       0                                                                    
 976       0                                                                    
 977       0                                                                    
 978       0                                                                    
 979       0                                                                    
 980       0                                                                    
 981       0                                                                    
 982       0                                                                    
 983       0                                                                    
 984       0                                                                    
 985       0                                                                    
 986       0                                                                    
 987       0                                                                    
 988       0                                                                    
 989       0                                                                    
 990       0                                                                    
 991       0                                                                    
 992       0                                                                    
 993       0                                                                    
 994       0                                                                    
 995       0                                                                    
 996       0                                                                    
 997       0                                                                    
 998       0                                                                    
 999       0                                                                    
1000       7                                                                    
