SS  SEM Missouri Spr2008 Final Content:CA Grade:03 (25JUN08)                    
   1       0                                                                    
   2       0                                                                    
   3       0                                                                    
   4       0                                                                    
   5       0                                                                    
   6       0                                                                    
   7       0                                                                    
   8       0                                                                    
   9       0                                                                    
  10       0                                                                    
  11       0                                                                    
  12       0                                                                    
  13       0                                                                    
  14       0                                                                    
  15       0                                                                    
  16       0                                                                    
  17       0                                                                    
  18       0                                                                    
  19       0                                                                    
  20       0                                                                    
  21       0                                                                    
  22       0                                                                    
  23       0                                                                    
  24       0                                                                    
  25       0                                                                    
  26       0                                                                    
  27       0                                                                    
  28       0                                                                    
  29       0                                                                    
  30       0                                                                    
  31       0                                                                    
  32       0                                                                    
  33       0                                                                    
  34       0                                                                    
  35       0                                                                    
  36       0                                                                    
  37       0                                                                    
  38       0                                                                    
  39       0                                                                    
  40       0                                                                    
  41       0                                                                    
  42       0                                                                    
  43       0                                                                    
  44       0                                                                    
  45       0                                                                    
  46       0                                                                    
  47       0                                                                    
  48       0                                                                    
  49       0                                                                    
  50       0                                                                    
  51       0                                                                    
  52       0                                                                    
  53       0                                                                    
  54       0                                                                    
  55       0                                                                    
  56       0                                                                    
  57       0                                                                    
  58       0                                                                    
  59       0                                                                    
  60       0                                                                    
  61       0                                                                    
  62       0                                                                    
  63       0                                                                    
  64       0                                                                    
  65       0                                                                    
  66       0                                                                    
  67       0                                                                    
  68       0                                                                    
  69       0                                                                    
  70       0                                                                    
  71       0                                                                    
  72       0                                                                    
  73       0                                                                    
  74       0                                                                    
  75       0                                                                    
  76       0                                                                    
  77       0                                                                    
  78       0                                                                    
  79       0                                                                    
  80       0                                                                    
  81       0                                                                    
  82       0                                                                    
  83       0                                                                    
  84       0                                                                    
  85       0                                                                    
  86       0                                                                    
  87       0                                                                    
  88       0                                                                    
  89       0                                                                    
  90       0                                                                    
  91       0                                                                    
  92       0                                                                    
  93       0                                                                    
  94       0                                                                    
  95       0                                                                    
  96       0                                                                    
  97       0                                                                    
  98       0                                                                    
  99       0                                                                    
 100       0                                                                    
 101       0                                                                    
 102       0                                                                    
 103       0                                                                    
 104       0                                                                    
 105       0                                                                    
 106       0                                                                    
 107       0                                                                    
 108       0                                                                    
 109       0                                                                    
 110       0                                                                    
 111       0                                                                    
 112       0                                                                    
 113       0                                                                    
 114       0                                                                    
 115       0                                                                    
 116       0                                                                    
 117       0                                                                    
 118       0                                                                    
 119       0                                                                    
 120       0                                                                    
 121       0                                                                    
 122       0                                                                    
 123       0                                                                    
 124       0                                                                    
 125       0                                                                    
 126       0                                                                    
 127       0                                                                    
 128       0                                                                    
 129       0                                                                    
 130       0                                                                    
 131       0                                                                    
 132       0                                                                    
 133       0                                                                    
 134       0                                                                    
 135       0                                                                    
 136       0                                                                    
 137       0                                                                    
 138       0                                                                    
 139       0                                                                    
 140       0                                                                    
 141       0                                                                    
 142       0                                                                    
 143       0                                                                    
 144       0                                                                    
 145       0                                                                    
 146       0                                                                    
 147       0                                                                    
 148       0                                                                    
 149       0                                                                    
 150       0                                                                    
 151       0                                                                    
 152       0                                                                    
 153       0                                                                    
 154       0                                                                    
 155       0                                                                    
 156       0                                                                    
 157       0                                                                    
 158       0                                                                    
 159       0                                                                    
 160       0                                                                    
 161       0                                                                    
 162       0                                                                    
 163       0                                                                    
 164       0                                                                    
 165       0                                                                    
 166       0                                                                    
 167       0                                                                    
 168       0                                                                    
 169       0                                                                    
 170       0                                                                    
 171       0                                                                    
 172       0                                                                    
 173       0                                                                    
 174       0                                                                    
 175       0                                                                    
 176       0                                                                    
 177       0                                                                    
 178       0                                                                    
 179       0                                                                    
 180       0                                                                    
 181       0                                                                    
 182       0                                                                    
 183       0                                                                    
 184       0                                                                    
 185       0                                                                    
 186       0                                                                    
 187       0                                                                    
 188       0                                                                    
 189       0                                                                    
 190       0                                                                    
 191       0                                                                    
 192       0                                                                    
 193       0                                                                    
 194       0                                                                    
 195       0                                                                    
 196       0                                                                    
 197       0                                                                    
 198       0                                                                    
 199       0                                                                    
 200       0                                                                    
 201       0                                                                    
 202       0                                                                    
 203       0                                                                    
 204       0                                                                    
 205       0                                                                    
 206       0                                                                    
 207       0                                                                    
 208       0                                                                    
 209       0                                                                    
 210       0                                                                    
 211       0                                                                    
 212       0                                                                    
 213       0                                                                    
 214       0                                                                    
 215       0                                                                    
 216       0                                                                    
 217       0                                                                    
 218       0                                                                    
 219       0                                                                    
 220       0                                                                    
 221       0                                                                    
 222       0                                                                    
 223       0                                                                    
 224       0                                                                    
 225       0                                                                    
 226       0                                                                    
 227       0                                                                    
 228       0                                                                    
 229       0                                                                    
 230       0                                                                    
 231       0                                                                    
 232       0                                                                    
 233       0                                                                    
 234       0                                                                    
 235       0                                                                    
 236       0                                                                    
 237       0                                                                    
 238       0                                                                    
 239       0                                                                    
 240       0                                                                    
 241       0                                                                    
 242       0                                                                    
 243       0                                                                    
 244       0                                                                    
 245       0                                                                    
 246       0                                                                    
 247       0                                                                    
 248       0                                                                    
 249       0                                                                    
 250       0                                                                    
 251       0                                                                    
 252       0                                                                    
 253       0                                                                    
 254       0                                                                    
 255       0                                                                    
 256       0                                                                    
 257       0                                                                    
 258       0                                                                    
 259       0                                                                    
 260       0                                                                    
 261       0                                                                    
 262       0                                                                    
 263       0                                                                    
 264       0                                                                    
 265       0                                                                    
 266       0                                                                    
 267       0                                                                    
 268       0                                                                    
 269       0                                                                    
 270       0                                                                    
 271       0                                                                    
 272       0                                                                    
 273       0                                                                    
 274       0                                                                    
 275       0                                                                    
 276       0                                                                    
 277       0                                                                    
 278       0                                                                    
 279       0                                                                    
 280       0                                                                    
 281       0                                                                    
 282       0                                                                    
 283       0                                                                    
 284       0                                                                    
 285       0                                                                    
 286       0                                                                    
 287       0                                                                    
 288       0                                                                    
 289       0                                                                    
 290       0                                                                    
 291       0                                                                    
 292       0                                                                    
 293       0                                                                    
 294       0                                                                    
 295       0                                                                    
 296       0                                                                    
 297       0                                                                    
 298       0                                                                    
 299       0                                                                    
 300       0                                                                    
 301       0                                                                    
 302       0                                                                    
 303       0                                                                    
 304       0                                                                    
 305       0                                                                    
 306       0                                                                    
 307       0                                                                    
 308       0                                                                    
 309       0                                                                    
 310       0                                                                    
 311       0                                                                    
 312       0                                                                    
 313       0                                                                    
 314       0                                                                    
 315       0                                                                    
 316       0                                                                    
 317       0                                                                    
 318       0                                                                    
 319       0                                                                    
 320       0                                                                    
 321       0                                                                    
 322       0                                                                    
 323       0                                                                    
 324       0                                                                    
 325       0                                                                    
 326       0                                                                    
 327       0                                                                    
 328       0                                                                    
 329       0                                                                    
 330       0                                                                    
 331       0                                                                    
 332       0                                                                    
 333       0                                                                    
 334       0                                                                    
 335       0                                                                    
 336       0                                                                    
 337       0                                                                    
 338       0                                                                    
 339       0                                                                    
 340       0                                                                    
 341       0                                                                    
 342       0                                                                    
 343       0                                                                    
 344       0                                                                    
 345       0                                                                    
 346       0                                                                    
 347       0                                                                    
 348       0                                                                    
 349       0                                                                    
 350       0                                                                    
 351       0                                                                    
 352       0                                                                    
 353       0                                                                    
 354       0                                                                    
 355       0                                                                    
 356       0                                                                    
 357       0                                                                    
 358       0                                                                    
 359       0                                                                    
 360       0                                                                    
 361       0                                                                    
 362       0                                                                    
 363       0                                                                    
 364       0                                                                    
 365       0                                                                    
 366       0                                                                    
 367       0                                                                    
 368       0                                                                    
 369       0                                                                    
 370       0                                                                    
 371       0                                                                    
 372       0                                                                    
 373       0                                                                    
 374       0                                                                    
 375       0                                                                    
 376       0                                                                    
 377       0                                                                    
 378       0                                                                    
 379       0                                                                    
 380       0                                                                    
 381       0                                                                    
 382       0                                                                    
 383       0                                                                    
 384       0                                                                    
 385       0                                                                    
 386       0                                                                    
 387       0                                                                    
 388       0                                                                    
 389       0                                                                    
 390       0                                                                    
 391       0                                                                    
 392       0                                                                    
 393       0                                                                    
 394       0                                                                    
 395       0                                                                    
 396       0                                                                    
 397       0                                                                    
 398       0                                                                    
 399       0                                                                    
 400       0                                                                    
 401       0                                                                    
 402       0                                                                    
 403       0                                                                    
 404       0                                                                    
 405       0                                                                    
 406       0                                                                    
 407       0                                                                    
 408       0                                                                    
 409       0                                                                    
 410       0                                                                    
 411       0                                                                    
 412       0                                                                    
 413       0                                                                    
 414       0                                                                    
 415       0                                                                    
 416       0                                                                    
 417       0                                                                    
 418       0                                                                    
 419       0                                                                    
 420       0                                                                    
 421       0                                                                    
 422       0                                                                    
 423       0                                                                    
 424       0                                                                    
 425       0                                                                    
 426       0                                                                    
 427       0                                                                    
 428       0                                                                    
 429       0                                                                    
 430       0                                                                    
 431       0                                                                    
 432       0                                                                    
 433       0                                                                    
 434       0                                                                    
 435       0                                                                    
 436       0                                                                    
 437       0                                                                    
 438       0                                                                    
 439       0                                                                    
 440       0                                                                    
 441       0                                                                    
 442       0                                                                    
 443       0                                                                    
 444       0                                                                    
 445       0                                                                    
 446       0                                                                    
 447       0                                                                    
 448       0                                                                    
 449       0                                                                    
 450       0                                                                    
 451       0                                                                    
 452       0                                                                    
 453       0                                                                    
 454       0                                                                    
 455      42                                                                    
 456      42                                                                    
 457      41                                                                    
 458      41                                                                    
 459      40                                                                    
 460      40                                                                    
 461      40                                                                    
 462      39                                                                    
 463      39                                                                    
 464      38                                                                    
 465      38                                                                    
 466      37                                                                    
 467      37                                                                    
 468      37                                                                    
 469      36                                                                    
 470      36                                                                    
 471      35                                                                    
 472      35                                                                    
 473      35                                                                    
 474      34                                                                    
 475      34                                                                    
 476      33                                                                    
 477      33                                                                    
 478      33                                                                    
 479      32                                                                    
 480      32                                                                    
 481      32                                                                    
 482      31                                                                    
 483      31                                                                    
 484      31                                                                    
 485      30                                                                    
 486      30                                                                    
 487      30                                                                    
 488      29                                                                    
 489      29                                                                    
 490      29                                                                    
 491      28                                                                    
 492      28                                                                    
 493      28                                                                    
 494      27                                                                    
 495      27                                                                    
 496      27                                                                    
 497      26                                                                    
 498      26                                                                    
 499      26                                                                    
 500      25                                                                    
 501      25                                                                    
 502      25                                                                    
 503      24                                                                    
 504      24                                                                    
 505      24                                                                    
 506      23                                                                    
 507      23                                                                    
 508      23                                                                    
 509      23                                                                    
 510      22                                                                    
 511      22                                                                    
 512      22                                                                    
 513      21                                                                    
 514      21                                                                    
 515      21                                                                    
 516      21                                                                    
 517      20                                                                    
 518      20                                                                    
 519      20                                                                    
 520      20                                                                    
 521      19                                                                    
 522      19                                                                    
 523      19                                                                    
 524      19                                                                    
 525      18                                                                    
 526      18                                                                    
 527      18                                                                    
 528      18                                                                    
 529      18                                                                    
 530      17                                                                    
 531      17                                                                    
 532      17                                                                    
 533      17                                                                    
 534      17                                                                    
 535      16                                                                    
 536      16                                                                    
 537      16                                                                    
 538      16                                                                    
 539      16                                                                    
 540      16                                                                    
 541      15                                                                    
 542      15                                                                    
 543      15                                                                    
 544      15                                                                    
 545      15                                                                    
 546      15                                                                    
 547      14                                                                    
 548      14                                                                    
 549      14                                                                    
 550      14                                                                    
 551      14                                                                    
 552      14                                                                    
 553      14                                                                    
 554      13                                                                    
 555      13                                                                    
 556      13                                                                    
 557      13                                                                    
 558      13                                                                    
 559      13                                                                    
 560      13                                                                    
 561      12                                                                    
 562      12                                                                    
 563      12                                                                    
 564      12                                                                    
 565      12                                                                    
 566      12                                                                    
 567      12                                                                    
 568      12                                                                    
 569      12                                                                    
 570      11                                                                    
 571      11                                                                    
 572      11                                                                    
 573      11                                                                    
 574      11                                                                    
 575      11                                                                    
 576      11                                                                    
 577      11                                                                    
 578      11                                                                    
 579      11                                                                    
 580      10                                                                    
 581      10                                                                    
 582      10                                                                    
 583      10                                                                    
 584      10                                                                    
 585      10                                                                    
 586      10                                                                    
 587      10                                                                    
 588      10                                                                    
 589      10                                                                    
 590      10                                                                    
 591       9                                                                    
 592       9                                                                    
 593       9                                                                    
 594       9                                                                    
 595       9                                                                    
 596       9                                                                    
 597       9                                                                    
 598       9                                                                    
 599       9                                                                    
 600       9                                                                    
 601       9                                                                    
 602       9                                                                    
 603       9                                                                    
 604       9                                                                    
 605       9                                                                    
 606       9                                                                    
 607       9                                                                    
 608       9                                                                    
 609       8                                                                    
 610       8                                                                    
 611       8                                                                    
 612       8                                                                    
 613       8                                                                    
 614       8                                                                    
 615       8                                                                    
 616       8                                                                    
 617       8                                                                    
 618       8                                                                    
 619       8                                                                    
 620       8                                                                    
 621       8                                                                    
 622       8                                                                    
 623       8                                                                    
 624       8                                                                    
 625       8                                                                    
 626       8                                                                    
 627       8                                                                    
 628       8                                                                    
 629       8                                                                    
 630       8                                                                    
 631       8                                                                    
 632       8                                                                    
 633       8                                                                    
 634       8                                                                    
 635       8                                                                    
 636       9                                                                    
 637       9                                                                    
 638       9                                                                    
 639       9                                                                    
 640       9                                                                    
 641       9                                                                    
 642       9                                                                    
 643       9                                                                    
 644       9                                                                    
 645       9                                                                    
 646       9                                                                    
 647       9                                                                    
 648       9                                                                    
 649       9                                                                    
 650       9                                                                    
 651       9                                                                    
 652       9                                                                    
 653       9                                                                    
 654       9                                                                    
 655      10                                                                    
 656      10                                                                    
 657      10                                                                    
 658      10                                                                    
 659      10                                                                    
 660      10                                                                    
 661      10                                                                    
 662      10                                                                    
 663      10                                                                    
 664      10                                                                    
 665      11                                                                    
 666      11                                                                    
 667      11                                                                    
 668      11                                                                    
 669      11                                                                    
 670      11                                                                    
 671      11                                                                    
 672      11                                                                    
 673      12                                                                    
 674      12                                                                    
 675      12                                                                    
 676      12                                                                    
 677      12                                                                    
 678      12                                                                    
 679      13                                                                    
 680      13                                                                    
 681      13                                                                    
 682      13                                                                    
 683      13                                                                    
 684      13                                                                    
 685      14                                                                    
 686      14                                                                    
 687      14                                                                    
 688      14                                                                    
 689      14                                                                    
 690      14                                                                    
 691      15                                                                    
 692      15                                                                    
 693      15                                                                    
 694      15                                                                    
 695      16                                                                    
 696      16                                                                    
 697      16                                                                    
 698      16                                                                    
 699      16                                                                    
 700      17                                                                    
 701      17                                                                    
 702      17                                                                    
 703      17                                                                    
 704      18                                                                    
 705      18                                                                    
 706      18                                                                    
 707      18                                                                    
 708      19                                                                    
 709      19                                                                    
 710      19                                                                    
 711      20                                                                    
 712      20                                                                    
 713      20                                                                    
 714      20                                                                    
 715      21                                                                    
 716      21                                                                    
 717      21                                                                    
 718      22                                                                    
 719      22                                                                    
 720      22                                                                    
 721      23                                                                    
 722      23                                                                    
 723      23                                                                    
 724      24                                                                    
 725      24                                                                    
 726      25                                                                    
 727      25                                                                    
 728      25                                                                    
 729      26                                                                    
 730      26                                                                    
 731      27                                                                    
 732      27                                                                    
 733      27                                                                    
 734      28                                                                    
 735      28                                                                    
 736      29                                                                    
 737      29                                                                    
 738      29                                                                    
 739      30                                                                    
 740      30                                                                    
 741      31                                                                    
 742      31                                                                    
 743      32                                                                    
 744      32                                                                    
 745      33                                                                    
 746      33                                                                    
 747      34                                                                    
 748      34                                                                    
 749      35                                                                    
 750      35                                                                    
 751      36                                                                    
 752      36                                                                    
 753      37                                                                    
 754      37                                                                    
 755      38                                                                    
 756      38                                                                    
 757      39                                                                    
 758      40                                                                    
 759      40                                                                    
 760      41                                                                    
 761      41                                                                    
 762      42                                                                    
 763      43                                                                    
 764      43                                                                    
 765      44                                                                    
 766      44                                                                    
 767      45                                                                    
 768      46                                                                    
 769      46                                                                    
 770      47                                                                    
 771      48                                                                    
 772      48                                                                    
 773      49                                                                    
 774      50                                                                    
 775      50                                                                    
 776      51                                                                    
 777      52                                                                    
 778      52                                                                    
 779      53                                                                    
 780      54                                                                    
 781      55                                                                    
 782      55                                                                    
 783      56                                                                    
 784      57                                                                    
 785      57                                                                    
 786      58                                                                    
 787      59                                                                    
 788      60                                                                    
 789      61                                                                    
 790      61                                                                    
 791       0                                                                    
 792       0                                                                    
 793       0                                                                    
 794       0                                                                    
 795       0                                                                    
 796       0                                                                    
 797       0                                                                    
 798       0                                                                    
 799       0                                                                    
 800       0                                                                    
 801       0                                                                    
 802       0                                                                    
 803       0                                                                    
 804       0                                                                    
 805       0                                                                    
 806       0                                                                    
 807       0                                                                    
 808       0                                                                    
 809       0                                                                    
 810       0                                                                    
 811       0                                                                    
 812       0                                                                    
 813       0                                                                    
 814       0                                                                    
 815       0                                                                    
 816       0                                                                    
 817       0                                                                    
 818       0                                                                    
 819       0                                                                    
 820       0                                                                    
 821       0                                                                    
 822       0                                                                    
 823       0                                                                    
 824       0                                                                    
 825       0                                                                    
 826       0                                                                    
 827       0                                                                    
 828       0                                                                    
 829       0                                                                    
 830       0                                                                    
 831       0                                                                    
 832       0                                                                    
 833       0                                                                    
 834       0                                                                    
 835       0                                                                    
 836       0                                                                    
 837       0                                                                    
 838       0                                                                    
 839       0                                                                    
 840       0                                                                    
 841       0                                                                    
 842       0                                                                    
 843       0                                                                    
 844       0                                                                    
 845       0                                                                    
 846       0                                                                    
 847       0                                                                    
 848       0                                                                    
 849       0                                                                    
 850       0                                                                    
 851       0                                                                    
 852       0                                                                    
 853       0                                                                    
 854       0                                                                    
 855       0                                                                    
 856       0                                                                    
 857       0                                                                    
 858       0                                                                    
 859       0                                                                    
 860       0                                                                    
 861       0                                                                    
 862       0                                                                    
 863       0                                                                    
 864       0                                                                    
 865       0                                                                    
 866       0                                                                    
 867       0                                                                    
 868       0                                                                    
 869       0                                                                    
 870       0                                                                    
 871       0                                                                    
 872       0                                                                    
 873       0                                                                    
 874       0                                                                    
 875       0                                                                    
 876       0                                                                    
 877       0                                                                    
 878       0                                                                    
 879       0                                                                    
 880       0                                                                    
 881       0                                                                    
 882       0                                                                    
 883       0                                                                    
 884       0                                                                    
 885       0                                                                    
 886       0                                                                    
 887       0                                                                    
 888       0                                                                    
 889       0                                                                    
 890       0                                                                    
 891       0                                                                    
 892       0                                                                    
 893       0                                                                    
 894       0                                                                    
 895       0                                                                    
 896       0                                                                    
 897       0                                                                    
 898       0                                                                    
 899       0                                                                    
 900       0                                                                    
 901       0                                                                    
 902       0                                                                    
 903       0                                                                    
 904       0                                                                    
 905       0                                                                    
 906       0                                                                    
 907       0                                                                    
 908       0                                                                    
 909       0                                                                    
 910       0                                                                    
 911       0                                                                    
 912       0                                                                    
 913       0                                                                    
 914       0                                                                    
 915       0                                                                    
 916       0                                                                    
 917       0                                                                    
 918       0                                                                    
 919       0                                                                    
 920       0                                                                    
 921       0                                                                    
 922       0                                                                    
 923       0                                                                    
 924       0                                                                    
 925       0                                                                    
 926       0                                                                    
 927       0                                                                    
 928       0                                                                    
 929       0                                                                    
 930       0                                                                    
 931       0                                                                    
 932       0                                                                    
 933       0                                                                    
 934       0                                                                    
 935       0                                                                    
 936       0                                                                    
 937       0                                                                    
 938       0                                                                    
 939       0                                                                    
 940       0                                                                    
 941       0                                                                    
 942       0                                                                    
 943       0                                                                    
 944       0                                                                    
 945       0                                                                    
 946       0                                                                    
 947       0                                                                    
 948       0                                                                    
 949       0                                                                    
 950       0                                                                    
 951       0                                                                    
 952       0                                                                    
 953       0                                                                    
 954       0                                                                    
 955       0                                                                    
 956       0                                                                    
 957       0                                                                    
 958       0                                                                    
 959       0                                                                    
 960       0                                                                    
 961       0                                                                    
 962       0                                                                    
 963       0                                                                    
 964       0                                                                    
 965       0                                                                    
 966       0                                                                    
 967       0                                                                    
 968       0                                                                    
 969       0                                                                    
 970       0                                                                    
 971       0                                                                    
 972       0                                                                    
 973       0                                                                    
 974       0                                                                    
 975       0                                                                    
 976       0                                                                    
 977       0                                                                    
 978       0                                                                    
 979       0                                                                    
 980       0                                                                    
 981       0                                                                    
 982       0                                                                    
 983       0                                                                    
 984       0                                                                    
 985       0                                                                    
 986       0                                                                    
 987       0                                                                    
 988       0                                                                    
 989       0                                                                    
 990       0                                                                    
 991       0                                                                    
 992       0                                                                    
 993       0                                                                    
 994       0                                                                    
 995       0                                                                    
 996       0                                                                    
 997       0                                                                    
 998       0                                                                    
 999       0                                                                    
1000       8                                                                    
