SS  SEM Missouri Spr2009 Final Content:CA Grade:06 (18JUN09)                    
   1       0                                                                    
   2       0                                                                    
   3       0                                                                    
   4       0                                                                    
   5       0                                                                    
   6       0                                                                    
   7       0                                                                    
   8       0                                                                    
   9       0                                                                    
  10       0                                                                    
  11       0                                                                    
  12       0                                                                    
  13       0                                                                    
  14       0                                                                    
  15       0                                                                    
  16       0                                                                    
  17       0                                                                    
  18       0                                                                    
  19       0                                                                    
  20       0                                                                    
  21       0                                                                    
  22       0                                                                    
  23       0                                                                    
  24       0                                                                    
  25       0                                                                    
  26       0                                                                    
  27       0                                                                    
  28       0                                                                    
  29       0                                                                    
  30       0                                                                    
  31       0                                                                    
  32       0                                                                    
  33       0                                                                    
  34       0                                                                    
  35       0                                                                    
  36       0                                                                    
  37       0                                                                    
  38       0                                                                    
  39       0                                                                    
  40       0                                                                    
  41       0                                                                    
  42       0                                                                    
  43       0                                                                    
  44       0                                                                    
  45       0                                                                    
  46       0                                                                    
  47       0                                                                    
  48       0                                                                    
  49       0                                                                    
  50       0                                                                    
  51       0                                                                    
  52       0                                                                    
  53       0                                                                    
  54       0                                                                    
  55       0                                                                    
  56       0                                                                    
  57       0                                                                    
  58       0                                                                    
  59       0                                                                    
  60       0                                                                    
  61       0                                                                    
  62       0                                                                    
  63       0                                                                    
  64       0                                                                    
  65       0                                                                    
  66       0                                                                    
  67       0                                                                    
  68       0                                                                    
  69       0                                                                    
  70       0                                                                    
  71       0                                                                    
  72       0                                                                    
  73       0                                                                    
  74       0                                                                    
  75       0                                                                    
  76       0                                                                    
  77       0                                                                    
  78       0                                                                    
  79       0                                                                    
  80       0                                                                    
  81       0                                                                    
  82       0                                                                    
  83       0                                                                    
  84       0                                                                    
  85       0                                                                    
  86       0                                                                    
  87       0                                                                    
  88       0                                                                    
  89       0                                                                    
  90       0                                                                    
  91       0                                                                    
  92       0                                                                    
  93       0                                                                    
  94       0                                                                    
  95       0                                                                    
  96       0                                                                    
  97       0                                                                    
  98       0                                                                    
  99       0                                                                    
 100       0                                                                    
 101       0                                                                    
 102       0                                                                    
 103       0                                                                    
 104       0                                                                    
 105       0                                                                    
 106       0                                                                    
 107       0                                                                    
 108       0                                                                    
 109       0                                                                    
 110       0                                                                    
 111       0                                                                    
 112       0                                                                    
 113       0                                                                    
 114       0                                                                    
 115       0                                                                    
 116       0                                                                    
 117       0                                                                    
 118       0                                                                    
 119       0                                                                    
 120       0                                                                    
 121       0                                                                    
 122       0                                                                    
 123       0                                                                    
 124       0                                                                    
 125       0                                                                    
 126       0                                                                    
 127       0                                                                    
 128       0                                                                    
 129       0                                                                    
 130       0                                                                    
 131       0                                                                    
 132       0                                                                    
 133       0                                                                    
 134       0                                                                    
 135       0                                                                    
 136       0                                                                    
 137       0                                                                    
 138       0                                                                    
 139       0                                                                    
 140       0                                                                    
 141       0                                                                    
 142       0                                                                    
 143       0                                                                    
 144       0                                                                    
 145       0                                                                    
 146       0                                                                    
 147       0                                                                    
 148       0                                                                    
 149       0                                                                    
 150       0                                                                    
 151       0                                                                    
 152       0                                                                    
 153       0                                                                    
 154       0                                                                    
 155       0                                                                    
 156       0                                                                    
 157       0                                                                    
 158       0                                                                    
 159       0                                                                    
 160       0                                                                    
 161       0                                                                    
 162       0                                                                    
 163       0                                                                    
 164       0                                                                    
 165       0                                                                    
 166       0                                                                    
 167       0                                                                    
 168       0                                                                    
 169       0                                                                    
 170       0                                                                    
 171       0                                                                    
 172       0                                                                    
 173       0                                                                    
 174       0                                                                    
 175       0                                                                    
 176       0                                                                    
 177       0                                                                    
 178       0                                                                    
 179       0                                                                    
 180       0                                                                    
 181       0                                                                    
 182       0                                                                    
 183       0                                                                    
 184       0                                                                    
 185       0                                                                    
 186       0                                                                    
 187       0                                                                    
 188       0                                                                    
 189       0                                                                    
 190       0                                                                    
 191       0                                                                    
 192       0                                                                    
 193       0                                                                    
 194       0                                                                    
 195       0                                                                    
 196       0                                                                    
 197       0                                                                    
 198       0                                                                    
 199       0                                                                    
 200       0                                                                    
 201       0                                                                    
 202       0                                                                    
 203       0                                                                    
 204       0                                                                    
 205       0                                                                    
 206       0                                                                    
 207       0                                                                    
 208       0                                                                    
 209       0                                                                    
 210       0                                                                    
 211       0                                                                    
 212       0                                                                    
 213       0                                                                    
 214       0                                                                    
 215       0                                                                    
 216       0                                                                    
 217       0                                                                    
 218       0                                                                    
 219       0                                                                    
 220       0                                                                    
 221       0                                                                    
 222       0                                                                    
 223       0                                                                    
 224       0                                                                    
 225       0                                                                    
 226       0                                                                    
 227       0                                                                    
 228       0                                                                    
 229       0                                                                    
 230       0                                                                    
 231       0                                                                    
 232       0                                                                    
 233       0                                                                    
 234       0                                                                    
 235       0                                                                    
 236       0                                                                    
 237       0                                                                    
 238       0                                                                    
 239       0                                                                    
 240       0                                                                    
 241       0                                                                    
 242       0                                                                    
 243       0                                                                    
 244       0                                                                    
 245       0                                                                    
 246       0                                                                    
 247       0                                                                    
 248       0                                                                    
 249       0                                                                    
 250       0                                                                    
 251       0                                                                    
 252       0                                                                    
 253       0                                                                    
 254       0                                                                    
 255       0                                                                    
 256       0                                                                    
 257       0                                                                    
 258       0                                                                    
 259       0                                                                    
 260       0                                                                    
 261       0                                                                    
 262       0                                                                    
 263       0                                                                    
 264       0                                                                    
 265       0                                                                    
 266       0                                                                    
 267       0                                                                    
 268       0                                                                    
 269       0                                                                    
 270       0                                                                    
 271       0                                                                    
 272       0                                                                    
 273       0                                                                    
 274       0                                                                    
 275       0                                                                    
 276       0                                                                    
 277       0                                                                    
 278       0                                                                    
 279       0                                                                    
 280       0                                                                    
 281       0                                                                    
 282       0                                                                    
 283       0                                                                    
 284       0                                                                    
 285       0                                                                    
 286       0                                                                    
 287       0                                                                    
 288       0                                                                    
 289       0                                                                    
 290       0                                                                    
 291       0                                                                    
 292       0                                                                    
 293       0                                                                    
 294       0                                                                    
 295       0                                                                    
 296       0                                                                    
 297       0                                                                    
 298       0                                                                    
 299       0                                                                    
 300       0                                                                    
 301       0                                                                    
 302       0                                                                    
 303       0                                                                    
 304       0                                                                    
 305       0                                                                    
 306       0                                                                    
 307       0                                                                    
 308       0                                                                    
 309       0                                                                    
 310       0                                                                    
 311       0                                                                    
 312       0                                                                    
 313       0                                                                    
 314       0                                                                    
 315       0                                                                    
 316       0                                                                    
 317       0                                                                    
 318       0                                                                    
 319       0                                                                    
 320       0                                                                    
 321       0                                                                    
 322       0                                                                    
 323       0                                                                    
 324       0                                                                    
 325       0                                                                    
 326       0                                                                    
 327       0                                                                    
 328       0                                                                    
 329       0                                                                    
 330       0                                                                    
 331       0                                                                    
 332       0                                                                    
 333       0                                                                    
 334       0                                                                    
 335       0                                                                    
 336       0                                                                    
 337       0                                                                    
 338       0                                                                    
 339       0                                                                    
 340       0                                                                    
 341       0                                                                    
 342       0                                                                    
 343       0                                                                    
 344       0                                                                    
 345       0                                                                    
 346       0                                                                    
 347       0                                                                    
 348       0                                                                    
 349       0                                                                    
 350       0                                                                    
 351       0                                                                    
 352       0                                                                    
 353       0                                                                    
 354       0                                                                    
 355       0                                                                    
 356       0                                                                    
 357       0                                                                    
 358       0                                                                    
 359       0                                                                    
 360       0                                                                    
 361       0                                                                    
 362       0                                                                    
 363       0                                                                    
 364       0                                                                    
 365       0                                                                    
 366       0                                                                    
 367       0                                                                    
 368       0                                                                    
 369       0                                                                    
 370       0                                                                    
 371       0                                                                    
 372       0                                                                    
 373       0                                                                    
 374       0                                                                    
 375       0                                                                    
 376       0                                                                    
 377       0                                                                    
 378       0                                                                    
 379       0                                                                    
 380       0                                                                    
 381       0                                                                    
 382       0                                                                    
 383       0                                                                    
 384       0                                                                    
 385       0                                                                    
 386       0                                                                    
 387       0                                                                    
 388       0                                                                    
 389       0                                                                    
 390       0                                                                    
 391       0                                                                    
 392       0                                                                    
 393       0                                                                    
 394       0                                                                    
 395       0                                                                    
 396       0                                                                    
 397       0                                                                    
 398       0                                                                    
 399       0                                                                    
 400       0                                                                    
 401       0                                                                    
 402       0                                                                    
 403       0                                                                    
 404       0                                                                    
 405       0                                                                    
 406       0                                                                    
 407       0                                                                    
 408       0                                                                    
 409       0                                                                    
 410       0                                                                    
 411       0                                                                    
 412       0                                                                    
 413       0                                                                    
 414       0                                                                    
 415       0                                                                    
 416       0                                                                    
 417       0                                                                    
 418       0                                                                    
 419       0                                                                    
 420       0                                                                    
 421       0                                                                    
 422       0                                                                    
 423       0                                                                    
 424       0                                                                    
 425       0                                                                    
 426       0                                                                    
 427       0                                                                    
 428       0                                                                    
 429       0                                                                    
 430       0                                                                    
 431       0                                                                    
 432       0                                                                    
 433       0                                                                    
 434       0                                                                    
 435       0                                                                    
 436       0                                                                    
 437       0                                                                    
 438       0                                                                    
 439       0                                                                    
 440       0                                                                    
 441       0                                                                    
 442       0                                                                    
 443       0                                                                    
 444       0                                                                    
 445       0                                                                    
 446       0                                                                    
 447       0                                                                    
 448       0                                                                    
 449       0                                                                    
 450       0                                                                    
 451       0                                                                    
 452       0                                                                    
 453       0                                                                    
 454       0                                                                    
 455       0                                                                    
 456       0                                                                    
 457       0                                                                    
 458       0                                                                    
 459       0                                                                    
 460       0                                                                    
 461       0                                                                    
 462       0                                                                    
 463       0                                                                    
 464       0                                                                    
 465       0                                                                    
 466       0                                                                    
 467       0                                                                    
 468       0                                                                    
 469       0                                                                    
 470       0                                                                    
 471       0                                                                    
 472       0                                                                    
 473       0                                                                    
 474       0                                                                    
 475       0                                                                    
 476       0                                                                    
 477       0                                                                    
 478       0                                                                    
 479       0                                                                    
 480       0                                                                    
 481       0                                                                    
 482       0                                                                    
 483       0                                                                    
 484       0                                                                    
 485       0                                                                    
 486       0                                                                    
 487       0                                                                    
 488       0                                                                    
 489       0                                                                    
 490       0                                                                    
 491       0                                                                    
 492       0                                                                    
 493       0                                                                    
 494       0                                                                    
 495       0                                                                    
 496       0                                                                    
 497       0                                                                    
 498       0                                                                    
 499       0                                                                    
 500       0                                                                    
 501       0                                                                    
 502       0                                                                    
 503       0                                                                    
 504       0                                                                    
 505      82                                                                    
 506      81                                                                    
 507      80                                                                    
 508      79                                                                    
 509      78                                                                    
 510      77                                                                    
 511      76                                                                    
 512      75                                                                    
 513      74                                                                    
 514      73                                                                    
 515      72                                                                    
 516      71                                                                    
 517      70                                                                    
 518      69                                                                    
 519      68                                                                    
 520      67                                                                    
 521      66                                                                    
 522      65                                                                    
 523      64                                                                    
 524      63                                                                    
 525      62                                                                    
 526      61                                                                    
 527      60                                                                    
 528      59                                                                    
 529      58                                                                    
 530      57                                                                    
 531      57                                                                    
 532      56                                                                    
 533      55                                                                    
 534      54                                                                    
 535      53                                                                    
 536      52                                                                    
 537      51                                                                    
 538      50                                                                    
 539      49                                                                    
 540      48                                                                    
 541      48                                                                    
 542      47                                                                    
 543      46                                                                    
 544      45                                                                    
 545      44                                                                    
 546      44                                                                    
 547      43                                                                    
 548      42                                                                    
 549      41                                                                    
 550      41                                                                    
 551      40                                                                    
 552      39                                                                    
 553      38                                                                    
 554      38                                                                    
 555      37                                                                    
 556      36                                                                    
 557      36                                                                    
 558      35                                                                    
 559      34                                                                    
 560      34                                                                    
 561      33                                                                    
 562      32                                                                    
 563      32                                                                    
 564      31                                                                    
 565      30                                                                    
 566      30                                                                    
 567      29                                                                    
 568      29                                                                    
 569      28                                                                    
 570      27                                                                    
 571      27                                                                    
 572      26                                                                    
 573      26                                                                    
 574      25                                                                    
 575      25                                                                    
 576      24                                                                    
 577      24                                                                    
 578      23                                                                    
 579      23                                                                    
 580      22                                                                    
 581      22                                                                    
 582      21                                                                    
 583      21                                                                    
 584      20                                                                    
 585      20                                                                    
 586      19                                                                    
 587      19                                                                    
 588      19                                                                    
 589      18                                                                    
 590      18                                                                    
 591      17                                                                    
 592      17                                                                    
 593      17                                                                    
 594      16                                                                    
 595      16                                                                    
 596      15                                                                    
 597      15                                                                    
 598      15                                                                    
 599      14                                                                    
 600      14                                                                    
 601      14                                                                    
 602      13                                                                    
 603      13                                                                    
 604      13                                                                    
 605      12                                                                    
 606      12                                                                    
 607      12                                                                    
 608      12                                                                    
 609      11                                                                    
 610      11                                                                    
 611      11                                                                    
 612      11                                                                    
 613      11                                                                    
 614      10                                                                    
 615      10                                                                    
 616      10                                                                    
 617      10                                                                    
 618      10                                                                    
 619      10                                                                    
 620      10                                                                    
 621       9                                                                    
 622       9                                                                    
 623       9                                                                    
 624       9                                                                    
 625       9                                                                    
 626       9                                                                    
 627       9                                                                    
 628       9                                                                    
 629       9                                                                    
 630       9                                                                    
 631       9                                                                    
 632       9                                                                    
 633       9                                                                    
 634       8                                                                    
 635       8                                                                    
 636       8                                                                    
 637       8                                                                    
 638       8                                                                    
 639       8                                                                    
 640       8                                                                    
 641       8                                                                    
 642       8                                                                    
 643       8                                                                    
 644       8                                                                    
 645       8                                                                    
 646       8                                                                    
 647       8                                                                    
 648       8                                                                    
 649       8                                                                    
 650       8                                                                    
 651       8                                                                    
 652       8                                                                    
 653       8                                                                    
 654       8                                                                    
 655       8                                                                    
 656       8                                                                    
 657       8                                                                    
 658       8                                                                    
 659       8                                                                    
 660       8                                                                    
 661       8                                                                    
 662       8                                                                    
 663       8                                                                    
 664       8                                                                    
 665       8                                                                    
 666       8                                                                    
 667       8                                                                    
 668       8                                                                    
 669       8                                                                    
 670       8                                                                    
 671       8                                                                    
 672       8                                                                    
 673       8                                                                    
 674       8                                                                    
 675       8                                                                    
 676       8                                                                    
 677       8                                                                    
 678       8                                                                    
 679       8                                                                    
 680       8                                                                    
 681       8                                                                    
 682       8                                                                    
 683       9                                                                    
 684       9                                                                    
 685       9                                                                    
 686       9                                                                    
 687       9                                                                    
 688       9                                                                    
 689       9                                                                    
 690       9                                                                    
 691       9                                                                    
 692       9                                                                    
 693       9                                                                    
 694       9                                                                    
 695       9                                                                    
 696      10                                                                    
 697      10                                                                    
 698      10                                                                    
 699      10                                                                    
 700      10                                                                    
 701      10                                                                    
 702      10                                                                    
 703      10                                                                    
 704      10                                                                    
 705      10                                                                    
 706      11                                                                    
 707      11                                                                    
 708      11                                                                    
 709      11                                                                    
 710      11                                                                    
 711      11                                                                    
 712      11                                                                    
 713      12                                                                    
 714      12                                                                    
 715      12                                                                    
 716      12                                                                    
 717      12                                                                    
 718      12                                                                    
 719      12                                                                    
 720      13                                                                    
 721      13                                                                    
 722      13                                                                    
 723      13                                                                    
 724      13                                                                    
 725      14                                                                    
 726      14                                                                    
 727      14                                                                    
 728      14                                                                    
 729      14                                                                    
 730      15                                                                    
 731      15                                                                    
 732      15                                                                    
 733      15                                                                    
 734      15                                                                    
 735      16                                                                    
 736      16                                                                    
 737      16                                                                    
 738      16                                                                    
 739      17                                                                    
 740      17                                                                    
 741      17                                                                    
 742      17                                                                    
 743      18                                                                    
 744      18                                                                    
 745      18                                                                    
 746      19                                                                    
 747      19                                                                    
 748      19                                                                    
 749      20                                                                    
 750      20                                                                    
 751      20                                                                    
 752      21                                                                    
 753      21                                                                    
 754      21                                                                    
 755      22                                                                    
 756      22                                                                    
 757      22                                                                    
 758      23                                                                    
 759      23                                                                    
 760      23                                                                    
 761      24                                                                    
 762      24                                                                    
 763      25                                                                    
 764      25                                                                    
 765      25                                                                    
 766      26                                                                    
 767      26                                                                    
 768      27                                                                    
 769      27                                                                    
 770      28                                                                    
 771      28                                                                    
 772      29                                                                    
 773      29                                                                    
 774      30                                                                    
 775      30                                                                    
 776      31                                                                    
 777      31                                                                    
 778      32                                                                    
 779      32                                                                    
 780      33                                                                    
 781      33                                                                    
 782      34                                                                    
 783      34                                                                    
 784      35                                                                    
 785      36                                                                    
 786      36                                                                    
 787      37                                                                    
 788      37                                                                    
 789      38                                                                    
 790      39                                                                    
 791      39                                                                    
 792      40                                                                    
 793      41                                                                    
 794      41                                                                    
 795      42                                                                    
 796      43                                                                    
 797      43                                                                    
 798      44                                                                    
 799      45                                                                    
 800      46                                                                    
 801      46                                                                    
 802      47                                                                    
 803      48                                                                    
 804      49                                                                    
 805      50                                                                    
 806      50                                                                    
 807      51                                                                    
 808      52                                                                    
 809      53                                                                    
 810      54                                                                    
 811      55                                                                    
 812      55                                                                    
 813      56                                                                    
 814      57                                                                    
 815      58                                                                    
 816      59                                                                    
 817      60                                                                    
 818      61                                                                    
 819      62                                                                    
 820      63                                                                    
 821      64                                                                    
 822      65                                                                    
 823      66                                                                    
 824      67                                                                    
 825      68                                                                    
 826      69                                                                    
 827      70                                                                    
 828      71                                                                    
 829      72                                                                    
 830      73                                                                    
 831      74                                                                    
 832      75                                                                    
 833      76                                                                    
 834      77                                                                    
 835      78                                                                    
 836      79                                                                    
 837      80                                                                    
 838      81                                                                    
 839      82                                                                    
 840      83                                                                    
 841      84                                                                    
 842      85                                                                    
 843      86                                                                    
 844      87                                                                    
 845      88                                                                    
 846      89                                                                    
 847      90                                                                    
 848      91                                                                    
 849      92                                                                    
 850      93                                                                    
 851      94                                                                    
 852      95                                                                    
 853      96                                                                    
 854      97                                                                    
 855      98                                                                    
 856       0                                                                    
 857       0                                                                    
 858       0                                                                    
 859       0                                                                    
 860       0                                                                    
 861       0                                                                    
 862       0                                                                    
 863       0                                                                    
 864       0                                                                    
 865       0                                                                    
 866       0                                                                    
 867       0                                                                    
 868       0                                                                    
 869       0                                                                    
 870       0                                                                    
 871       0                                                                    
 872       0                                                                    
 873       0                                                                    
 874       0                                                                    
 875       0                                                                    
 876       0                                                                    
 877       0                                                                    
 878       0                                                                    
 879       0                                                                    
 880       0                                                                    
 881       0                                                                    
 882       0                                                                    
 883       0                                                                    
 884       0                                                                    
 885       0                                                                    
 886       0                                                                    
 887       0                                                                    
 888       0                                                                    
 889       0                                                                    
 890       0                                                                    
 891       0                                                                    
 892       0                                                                    
 893       0                                                                    
 894       0                                                                    
 895       0                                                                    
 896       0                                                                    
 897       0                                                                    
 898       0                                                                    
 899       0                                                                    
 900       0                                                                    
 901       0                                                                    
 902       0                                                                    
 903       0                                                                    
 904       0                                                                    
 905       0                                                                    
 906       0                                                                    
 907       0                                                                    
 908       0                                                                    
 909       0                                                                    
 910       0                                                                    
 911       0                                                                    
 912       0                                                                    
 913       0                                                                    
 914       0                                                                    
 915       0                                                                    
 916       0                                                                    
 917       0                                                                    
 918       0                                                                    
 919       0                                                                    
 920       0                                                                    
 921       0                                                                    
 922       0                                                                    
 923       0                                                                    
 924       0                                                                    
 925       0                                                                    
 926       0                                                                    
 927       0                                                                    
 928       0                                                                    
 929       0                                                                    
 930       0                                                                    
 931       0                                                                    
 932       0                                                                    
 933       0                                                                    
 934       0                                                                    
 935       0                                                                    
 936       0                                                                    
 937       0                                                                    
 938       0                                                                    
 939       0                                                                    
 940       0                                                                    
 941       0                                                                    
 942       0                                                                    
 943       0                                                                    
 944       0                                                                    
 945       0                                                                    
 946       0                                                                    
 947       0                                                                    
 948       0                                                                    
 949       0                                                                    
 950       0                                                                    
 951       0                                                                    
 952       0                                                                    
 953       0                                                                    
 954       0                                                                    
 955       0                                                                    
 956       0                                                                    
 957       0                                                                    
 958       0                                                                    
 959       0                                                                    
 960       0                                                                    
 961       0                                                                    
 962       0                                                                    
 963       0                                                                    
 964       0                                                                    
 965       0                                                                    
 966       0                                                                    
 967       0                                                                    
 968       0                                                                    
 969       0                                                                    
 970       0                                                                    
 971       0                                                                    
 972       0                                                                    
 973       0                                                                    
 974       0                                                                    
 975       0                                                                    
 976       0                                                                    
 977       0                                                                    
 978       0                                                                    
 979       0                                                                    
 980       0                                                                    
 981       0                                                                    
 982       0                                                                    
 983       0                                                                    
 984       0                                                                    
 985       0                                                                    
 986       0                                                                    
 987       0                                                                    
 988       0                                                                    
 989       0                                                                    
 990       0                                                                    
 991       0                                                                    
 992       0                                                                    
 993       0                                                                    
 994       0                                                                    
 995       0                                                                    
 996       0                                                                    
 997       0                                                                    
 998       0                                                                    
 999       0                                                                    
1000       8                                                                    
