SS  SEM Missouri Spr2008 Final Content:CA Grade:05 (25JUN08)                    
   1       0                                                                    
   2       0                                                                    
   3       0                                                                    
   4       0                                                                    
   5       0                                                                    
   6       0                                                                    
   7       0                                                                    
   8       0                                                                    
   9       0                                                                    
  10       0                                                                    
  11       0                                                                    
  12       0                                                                    
  13       0                                                                    
  14       0                                                                    
  15       0                                                                    
  16       0                                                                    
  17       0                                                                    
  18       0                                                                    
  19       0                                                                    
  20       0                                                                    
  21       0                                                                    
  22       0                                                                    
  23       0                                                                    
  24       0                                                                    
  25       0                                                                    
  26       0                                                                    
  27       0                                                                    
  28       0                                                                    
  29       0                                                                    
  30       0                                                                    
  31       0                                                                    
  32       0                                                                    
  33       0                                                                    
  34       0                                                                    
  35       0                                                                    
  36       0                                                                    
  37       0                                                                    
  38       0                                                                    
  39       0                                                                    
  40       0                                                                    
  41       0                                                                    
  42       0                                                                    
  43       0                                                                    
  44       0                                                                    
  45       0                                                                    
  46       0                                                                    
  47       0                                                                    
  48       0                                                                    
  49       0                                                                    
  50       0                                                                    
  51       0                                                                    
  52       0                                                                    
  53       0                                                                    
  54       0                                                                    
  55       0                                                                    
  56       0                                                                    
  57       0                                                                    
  58       0                                                                    
  59       0                                                                    
  60       0                                                                    
  61       0                                                                    
  62       0                                                                    
  63       0                                                                    
  64       0                                                                    
  65       0                                                                    
  66       0                                                                    
  67       0                                                                    
  68       0                                                                    
  69       0                                                                    
  70       0                                                                    
  71       0                                                                    
  72       0                                                                    
  73       0                                                                    
  74       0                                                                    
  75       0                                                                    
  76       0                                                                    
  77       0                                                                    
  78       0                                                                    
  79       0                                                                    
  80       0                                                                    
  81       0                                                                    
  82       0                                                                    
  83       0                                                                    
  84       0                                                                    
  85       0                                                                    
  86       0                                                                    
  87       0                                                                    
  88       0                                                                    
  89       0                                                                    
  90       0                                                                    
  91       0                                                                    
  92       0                                                                    
  93       0                                                                    
  94       0                                                                    
  95       0                                                                    
  96       0                                                                    
  97       0                                                                    
  98       0                                                                    
  99       0                                                                    
 100       0                                                                    
 101       0                                                                    
 102       0                                                                    
 103       0                                                                    
 104       0                                                                    
 105       0                                                                    
 106       0                                                                    
 107       0                                                                    
 108       0                                                                    
 109       0                                                                    
 110       0                                                                    
 111       0                                                                    
 112       0                                                                    
 113       0                                                                    
 114       0                                                                    
 115       0                                                                    
 116       0                                                                    
 117       0                                                                    
 118       0                                                                    
 119       0                                                                    
 120       0                                                                    
 121       0                                                                    
 122       0                                                                    
 123       0                                                                    
 124       0                                                                    
 125       0                                                                    
 126       0                                                                    
 127       0                                                                    
 128       0                                                                    
 129       0                                                                    
 130       0                                                                    
 131       0                                                                    
 132       0                                                                    
 133       0                                                                    
 134       0                                                                    
 135       0                                                                    
 136       0                                                                    
 137       0                                                                    
 138       0                                                                    
 139       0                                                                    
 140       0                                                                    
 141       0                                                                    
 142       0                                                                    
 143       0                                                                    
 144       0                                                                    
 145       0                                                                    
 146       0                                                                    
 147       0                                                                    
 148       0                                                                    
 149       0                                                                    
 150       0                                                                    
 151       0                                                                    
 152       0                                                                    
 153       0                                                                    
 154       0                                                                    
 155       0                                                                    
 156       0                                                                    
 157       0                                                                    
 158       0                                                                    
 159       0                                                                    
 160       0                                                                    
 161       0                                                                    
 162       0                                                                    
 163       0                                                                    
 164       0                                                                    
 165       0                                                                    
 166       0                                                                    
 167       0                                                                    
 168       0                                                                    
 169       0                                                                    
 170       0                                                                    
 171       0                                                                    
 172       0                                                                    
 173       0                                                                    
 174       0                                                                    
 175       0                                                                    
 176       0                                                                    
 177       0                                                                    
 178       0                                                                    
 179       0                                                                    
 180       0                                                                    
 181       0                                                                    
 182       0                                                                    
 183       0                                                                    
 184       0                                                                    
 185       0                                                                    
 186       0                                                                    
 187       0                                                                    
 188       0                                                                    
 189       0                                                                    
 190       0                                                                    
 191       0                                                                    
 192       0                                                                    
 193       0                                                                    
 194       0                                                                    
 195       0                                                                    
 196       0                                                                    
 197       0                                                                    
 198       0                                                                    
 199       0                                                                    
 200       0                                                                    
 201       0                                                                    
 202       0                                                                    
 203       0                                                                    
 204       0                                                                    
 205       0                                                                    
 206       0                                                                    
 207       0                                                                    
 208       0                                                                    
 209       0                                                                    
 210       0                                                                    
 211       0                                                                    
 212       0                                                                    
 213       0                                                                    
 214       0                                                                    
 215       0                                                                    
 216       0                                                                    
 217       0                                                                    
 218       0                                                                    
 219       0                                                                    
 220       0                                                                    
 221       0                                                                    
 222       0                                                                    
 223       0                                                                    
 224       0                                                                    
 225       0                                                                    
 226       0                                                                    
 227       0                                                                    
 228       0                                                                    
 229       0                                                                    
 230       0                                                                    
 231       0                                                                    
 232       0                                                                    
 233       0                                                                    
 234       0                                                                    
 235       0                                                                    
 236       0                                                                    
 237       0                                                                    
 238       0                                                                    
 239       0                                                                    
 240       0                                                                    
 241       0                                                                    
 242       0                                                                    
 243       0                                                                    
 244       0                                                                    
 245       0                                                                    
 246       0                                                                    
 247       0                                                                    
 248       0                                                                    
 249       0                                                                    
 250       0                                                                    
 251       0                                                                    
 252       0                                                                    
 253       0                                                                    
 254       0                                                                    
 255       0                                                                    
 256       0                                                                    
 257       0                                                                    
 258       0                                                                    
 259       0                                                                    
 260       0                                                                    
 261       0                                                                    
 262       0                                                                    
 263       0                                                                    
 264       0                                                                    
 265       0                                                                    
 266       0                                                                    
 267       0                                                                    
 268       0                                                                    
 269       0                                                                    
 270       0                                                                    
 271       0                                                                    
 272       0                                                                    
 273       0                                                                    
 274       0                                                                    
 275       0                                                                    
 276       0                                                                    
 277       0                                                                    
 278       0                                                                    
 279       0                                                                    
 280       0                                                                    
 281       0                                                                    
 282       0                                                                    
 283       0                                                                    
 284       0                                                                    
 285       0                                                                    
 286       0                                                                    
 287       0                                                                    
 288       0                                                                    
 289       0                                                                    
 290       0                                                                    
 291       0                                                                    
 292       0                                                                    
 293       0                                                                    
 294       0                                                                    
 295       0                                                                    
 296       0                                                                    
 297       0                                                                    
 298       0                                                                    
 299       0                                                                    
 300       0                                                                    
 301       0                                                                    
 302       0                                                                    
 303       0                                                                    
 304       0                                                                    
 305       0                                                                    
 306       0                                                                    
 307       0                                                                    
 308       0                                                                    
 309       0                                                                    
 310       0                                                                    
 311       0                                                                    
 312       0                                                                    
 313       0                                                                    
 314       0                                                                    
 315       0                                                                    
 316       0                                                                    
 317       0                                                                    
 318       0                                                                    
 319       0                                                                    
 320       0                                                                    
 321       0                                                                    
 322       0                                                                    
 323       0                                                                    
 324       0                                                                    
 325       0                                                                    
 326       0                                                                    
 327       0                                                                    
 328       0                                                                    
 329       0                                                                    
 330       0                                                                    
 331       0                                                                    
 332       0                                                                    
 333       0                                                                    
 334       0                                                                    
 335       0                                                                    
 336       0                                                                    
 337       0                                                                    
 338       0                                                                    
 339       0                                                                    
 340       0                                                                    
 341       0                                                                    
 342       0                                                                    
 343       0                                                                    
 344       0                                                                    
 345       0                                                                    
 346       0                                                                    
 347       0                                                                    
 348       0                                                                    
 349       0                                                                    
 350       0                                                                    
 351       0                                                                    
 352       0                                                                    
 353       0                                                                    
 354       0                                                                    
 355       0                                                                    
 356       0                                                                    
 357       0                                                                    
 358       0                                                                    
 359       0                                                                    
 360       0                                                                    
 361       0                                                                    
 362       0                                                                    
 363       0                                                                    
 364       0                                                                    
 365       0                                                                    
 366       0                                                                    
 367       0                                                                    
 368       0                                                                    
 369       0                                                                    
 370       0                                                                    
 371       0                                                                    
 372       0                                                                    
 373       0                                                                    
 374       0                                                                    
 375       0                                                                    
 376       0                                                                    
 377       0                                                                    
 378       0                                                                    
 379       0                                                                    
 380       0                                                                    
 381       0                                                                    
 382       0                                                                    
 383       0                                                                    
 384       0                                                                    
 385       0                                                                    
 386       0                                                                    
 387       0                                                                    
 388       0                                                                    
 389       0                                                                    
 390       0                                                                    
 391       0                                                                    
 392       0                                                                    
 393       0                                                                    
 394       0                                                                    
 395       0                                                                    
 396       0                                                                    
 397       0                                                                    
 398       0                                                                    
 399       0                                                                    
 400       0                                                                    
 401       0                                                                    
 402       0                                                                    
 403       0                                                                    
 404       0                                                                    
 405       0                                                                    
 406       0                                                                    
 407       0                                                                    
 408       0                                                                    
 409       0                                                                    
 410       0                                                                    
 411       0                                                                    
 412       0                                                                    
 413       0                                                                    
 414       0                                                                    
 415       0                                                                    
 416       0                                                                    
 417       0                                                                    
 418       0                                                                    
 419       0                                                                    
 420       0                                                                    
 421       0                                                                    
 422       0                                                                    
 423       0                                                                    
 424       0                                                                    
 425       0                                                                    
 426       0                                                                    
 427       0                                                                    
 428       0                                                                    
 429       0                                                                    
 430       0                                                                    
 431       0                                                                    
 432       0                                                                    
 433       0                                                                    
 434       0                                                                    
 435       0                                                                    
 436       0                                                                    
 437       0                                                                    
 438       0                                                                    
 439       0                                                                    
 440       0                                                                    
 441       0                                                                    
 442       0                                                                    
 443       0                                                                    
 444       0                                                                    
 445       0                                                                    
 446       0                                                                    
 447       0                                                                    
 448       0                                                                    
 449       0                                                                    
 450       0                                                                    
 451       0                                                                    
 452       0                                                                    
 453       0                                                                    
 454       0                                                                    
 455       0                                                                    
 456       0                                                                    
 457       0                                                                    
 458       0                                                                    
 459       0                                                                    
 460       0                                                                    
 461       0                                                                    
 462       0                                                                    
 463       0                                                                    
 464       0                                                                    
 465       0                                                                    
 466       0                                                                    
 467       0                                                                    
 468       0                                                                    
 469       0                                                                    
 470       0                                                                    
 471       0                                                                    
 472       0                                                                    
 473       0                                                                    
 474       0                                                                    
 475       0                                                                    
 476       0                                                                    
 477       0                                                                    
 478       0                                                                    
 479       0                                                                    
 480       0                                                                    
 481       0                                                                    
 482       0                                                                    
 483       0                                                                    
 484       0                                                                    
 485      81                                                                    
 486      80                                                                    
 487      79                                                                    
 488      78                                                                    
 489      77                                                                    
 490      76                                                                    
 491      76                                                                    
 492      75                                                                    
 493      74                                                                    
 494      73                                                                    
 495      72                                                                    
 496      71                                                                    
 497      70                                                                    
 498      70                                                                    
 499      69                                                                    
 500      68                                                                    
 501      67                                                                    
 502      66                                                                    
 503      66                                                                    
 504      65                                                                    
 505      64                                                                    
 506      63                                                                    
 507      62                                                                    
 508      62                                                                    
 509      61                                                                    
 510      60                                                                    
 511      59                                                                    
 512      59                                                                    
 513      58                                                                    
 514      57                                                                    
 515      57                                                                    
 516      56                                                                    
 517      55                                                                    
 518      54                                                                    
 519      54                                                                    
 520      53                                                                    
 521      52                                                                    
 522      52                                                                    
 523      51                                                                    
 524      50                                                                    
 525      50                                                                    
 526      49                                                                    
 527      48                                                                    
 528      48                                                                    
 529      47                                                                    
 530      47                                                                    
 531      46                                                                    
 532      45                                                                    
 533      45                                                                    
 534      44                                                                    
 535      44                                                                    
 536      43                                                                    
 537      42                                                                    
 538      42                                                                    
 539      41                                                                    
 540      41                                                                    
 541      40                                                                    
 542      40                                                                    
 543      39                                                                    
 544      38                                                                    
 545      38                                                                    
 546      37                                                                    
 547      37                                                                    
 548      36                                                                    
 549      36                                                                    
 550      35                                                                    
 551      35                                                                    
 552      34                                                                    
 553      34                                                                    
 554      33                                                                    
 555      33                                                                    
 556      32                                                                    
 557      32                                                                    
 558      31                                                                    
 559      31                                                                    
 560      30                                                                    
 561      30                                                                    
 562      29                                                                    
 563      29                                                                    
 564      28                                                                    
 565      28                                                                    
 566      27                                                                    
 567      27                                                                    
 568      26                                                                    
 569      26                                                                    
 570      25                                                                    
 571      25                                                                    
 572      24                                                                    
 573      24                                                                    
 574      24                                                                    
 575      23                                                                    
 576      23                                                                    
 577      22                                                                    
 578      22                                                                    
 579      21                                                                    
 580      21                                                                    
 581      20                                                                    
 582      20                                                                    
 583      20                                                                    
 584      19                                                                    
 585      19                                                                    
 586      18                                                                    
 587      18                                                                    
 588      18                                                                    
 589      17                                                                    
 590      17                                                                    
 591      16                                                                    
 592      16                                                                    
 593      16                                                                    
 594      15                                                                    
 595      15                                                                    
 596      15                                                                    
 597      14                                                                    
 598      14                                                                    
 599      14                                                                    
 600      13                                                                    
 601      13                                                                    
 602      13                                                                    
 603      12                                                                    
 604      12                                                                    
 605      12                                                                    
 606      12                                                                    
 607      11                                                                    
 608      11                                                                    
 609      11                                                                    
 610      11                                                                    
 611      11                                                                    
 612      10                                                                    
 613      10                                                                    
 614      10                                                                    
 615      10                                                                    
 616      10                                                                    
 617       9                                                                    
 618       9                                                                    
 619       9                                                                    
 620       9                                                                    
 621       9                                                                    
 622       9                                                                    
 623       9                                                                    
 624       9                                                                    
 625       8                                                                    
 626       8                                                                    
 627       8                                                                    
 628       8                                                                    
 629       8                                                                    
 630       8                                                                    
 631       8                                                                    
 632       8                                                                    
 633       8                                                                    
 634       8                                                                    
 635       8                                                                    
 636       8                                                                    
 637       7                                                                    
 638       7                                                                    
 639       7                                                                    
 640       7                                                                    
 641       7                                                                    
 642       7                                                                    
 643       7                                                                    
 644       7                                                                    
 645       7                                                                    
 646       7                                                                    
 647       7                                                                    
 648       7                                                                    
 649       7                                                                    
 650       7                                                                    
 651       7                                                                    
 652       7                                                                    
 653       7                                                                    
 654       7                                                                    
 655       7                                                                    
 656       7                                                                    
 657       7                                                                    
 658       7                                                                    
 659       7                                                                    
 660       7                                                                    
 661       7                                                                    
 662       7                                                                    
 663       7                                                                    
 664       7                                                                    
 665       7                                                                    
 666       7                                                                    
 667       8                                                                    
 668       8                                                                    
 669       8                                                                    
 670       8                                                                    
 671       8                                                                    
 672       8                                                                    
 673       8                                                                    
 674       8                                                                    
 675       8                                                                    
 676       8                                                                    
 677       8                                                                    
 678       8                                                                    
 679       8                                                                    
 680       8                                                                    
 681       9                                                                    
 682       9                                                                    
 683       9                                                                    
 684       9                                                                    
 685       9                                                                    
 686       9                                                                    
 687       9                                                                    
 688       9                                                                    
 689       9                                                                    
 690      10                                                                    
 691      10                                                                    
 692      10                                                                    
 693      10                                                                    
 694      10                                                                    
 695      10                                                                    
 696      10                                                                    
 697      10                                                                    
 698      11                                                                    
 699      11                                                                    
 700      11                                                                    
 701      11                                                                    
 702      11                                                                    
 703      11                                                                    
 704      11                                                                    
 705      12                                                                    
 706      12                                                                    
 707      12                                                                    
 708      12                                                                    
 709      12                                                                    
 710      12                                                                    
 711      13                                                                    
 712      13                                                                    
 713      13                                                                    
 714      13                                                                    
 715      13                                                                    
 716      14                                                                    
 717      14                                                                    
 718      14                                                                    
 719      14                                                                    
 720      14                                                                    
 721      14                                                                    
 722      15                                                                    
 723      15                                                                    
 724      15                                                                    
 725      15                                                                    
 726      16                                                                    
 727      16                                                                    
 728      16                                                                    
 729      16                                                                    
 730      17                                                                    
 731      17                                                                    
 732      17                                                                    
 733      17                                                                    
 734      18                                                                    
 735      18                                                                    
 736      18                                                                    
 737      18                                                                    
 738      19                                                                    
 739      19                                                                    
 740      19                                                                    
 741      19                                                                    
 742      20                                                                    
 743      20                                                                    
 744      20                                                                    
 745      21                                                                    
 746      21                                                                    
 747      21                                                                    
 748      22                                                                    
 749      22                                                                    
 750      22                                                                    
 751      23                                                                    
 752      23                                                                    
 753      23                                                                    
 754      24                                                                    
 755      24                                                                    
 756      24                                                                    
 757      25                                                                    
 758      25                                                                    
 759      25                                                                    
 760      26                                                                    
 761      26                                                                    
 762      26                                                                    
 763      27                                                                    
 764      27                                                                    
 765      28                                                                    
 766      28                                                                    
 767      28                                                                    
 768      29                                                                    
 769      29                                                                    
 770      30                                                                    
 771      30                                                                    
 772      31                                                                    
 773      31                                                                    
 774      31                                                                    
 775      32                                                                    
 776      32                                                                    
 777      33                                                                    
 778      33                                                                    
 779      34                                                                    
 780      34                                                                    
 781      34                                                                    
 782      35                                                                    
 783      35                                                                    
 784      36                                                                    
 785      36                                                                    
 786      37                                                                    
 787      37                                                                    
 788      38                                                                    
 789      38                                                                    
 790      39                                                                    
 791      39                                                                    
 792      40                                                                    
 793      40                                                                    
 794      41                                                                    
 795      41                                                                    
 796      42                                                                    
 797      42                                                                    
 798      43                                                                    
 799      43                                                                    
 800      44                                                                    
 801      45                                                                    
 802      45                                                                    
 803      46                                                                    
 804      46                                                                    
 805      47                                                                    
 806      47                                                                    
 807      48                                                                    
 808      49                                                                    
 809      49                                                                    
 810      50                                                                    
 811      50                                                                    
 812      51                                                                    
 813      52                                                                    
 814      52                                                                    
 815      53                                                                    
 816      53                                                                    
 817      54                                                                    
 818      55                                                                    
 819      55                                                                    
 820      56                                                                    
 821      57                                                                    
 822      57                                                                    
 823      58                                                                    
 824      59                                                                    
 825      59                                                                    
 826      60                                                                    
 827      61                                                                    
 828      61                                                                    
 829      62                                                                    
 830      63                                                                    
 831      63                                                                    
 832      64                                                                    
 833      65                                                                    
 834      66                                                                    
 835      66                                                                    
 836      67                                                                    
 837      68                                                                    
 838      69                                                                    
 839      69                                                                    
 840      70                                                                    
 841       0                                                                    
 842       0                                                                    
 843       0                                                                    
 844       0                                                                    
 845       0                                                                    
 846       0                                                                    
 847       0                                                                    
 848       0                                                                    
 849       0                                                                    
 850       0                                                                    
 851       0                                                                    
 852       0                                                                    
 853       0                                                                    
 854       0                                                                    
 855       0                                                                    
 856       0                                                                    
 857       0                                                                    
 858       0                                                                    
 859       0                                                                    
 860       0                                                                    
 861       0                                                                    
 862       0                                                                    
 863       0                                                                    
 864       0                                                                    
 865       0                                                                    
 866       0                                                                    
 867       0                                                                    
 868       0                                                                    
 869       0                                                                    
 870       0                                                                    
 871       0                                                                    
 872       0                                                                    
 873       0                                                                    
 874       0                                                                    
 875       0                                                                    
 876       0                                                                    
 877       0                                                                    
 878       0                                                                    
 879       0                                                                    
 880       0                                                                    
 881       0                                                                    
 882       0                                                                    
 883       0                                                                    
 884       0                                                                    
 885       0                                                                    
 886       0                                                                    
 887       0                                                                    
 888       0                                                                    
 889       0                                                                    
 890       0                                                                    
 891       0                                                                    
 892       0                                                                    
 893       0                                                                    
 894       0                                                                    
 895       0                                                                    
 896       0                                                                    
 897       0                                                                    
 898       0                                                                    
 899       0                                                                    
 900       0                                                                    
 901       0                                                                    
 902       0                                                                    
 903       0                                                                    
 904       0                                                                    
 905       0                                                                    
 906       0                                                                    
 907       0                                                                    
 908       0                                                                    
 909       0                                                                    
 910       0                                                                    
 911       0                                                                    
 912       0                                                                    
 913       0                                                                    
 914       0                                                                    
 915       0                                                                    
 916       0                                                                    
 917       0                                                                    
 918       0                                                                    
 919       0                                                                    
 920       0                                                                    
 921       0                                                                    
 922       0                                                                    
 923       0                                                                    
 924       0                                                                    
 925       0                                                                    
 926       0                                                                    
 927       0                                                                    
 928       0                                                                    
 929       0                                                                    
 930       0                                                                    
 931       0                                                                    
 932       0                                                                    
 933       0                                                                    
 934       0                                                                    
 935       0                                                                    
 936       0                                                                    
 937       0                                                                    
 938       0                                                                    
 939       0                                                                    
 940       0                                                                    
 941       0                                                                    
 942       0                                                                    
 943       0                                                                    
 944       0                                                                    
 945       0                                                                    
 946       0                                                                    
 947       0                                                                    
 948       0                                                                    
 949       0                                                                    
 950       0                                                                    
 951       0                                                                    
 952       0                                                                    
 953       0                                                                    
 954       0                                                                    
 955       0                                                                    
 956       0                                                                    
 957       0                                                                    
 958       0                                                                    
 959       0                                                                    
 960       0                                                                    
 961       0                                                                    
 962       0                                                                    
 963       0                                                                    
 964       0                                                                    
 965       0                                                                    
 966       0                                                                    
 967       0                                                                    
 968       0                                                                    
 969       0                                                                    
 970       0                                                                    
 971       0                                                                    
 972       0                                                                    
 973       0                                                                    
 974       0                                                                    
 975       0                                                                    
 976       0                                                                    
 977       0                                                                    
 978       0                                                                    
 979       0                                                                    
 980       0                                                                    
 981       0                                                                    
 982       0                                                                    
 983       0                                                                    
 984       0                                                                    
 985       0                                                                    
 986       0                                                                    
 987       0                                                                    
 988       0                                                                    
 989       0                                                                    
 990       0                                                                    
 991       0                                                                    
 992       0                                                                    
 993       0                                                                    
 994       0                                                                    
 995       0                                                                    
 996       0                                                                    
 997       0                                                                    
 998       0                                                                    
 999       0                                                                    
1000       7                                                                    
