SS  SEM Missouri Spr2008 Final Content:CA Grade:11 (24JUN08)
   1       0
   2       0
   3       0
   4       0
   5       0
   6       0
   7       0
   8       0
   9       0
  10       0
  11       0
  12       0
  13       0
  14       0
  15       0
  16       0
  17       0
  18       0
  19       0
  20       0
  21       0
  22       0
  23       0
  24       0
  25       0
  26       0
  27       0
  28       0
  29       0
  30       0
  31       0
  32       0
  33       0
  34       0
  35       0
  36       0
  37       0
  38       0
  39       0
  40       0
  41       0
  42       0
  43       0
  44       0
  45       0
  46       0
  47       0
  48       0
  49       0
  50       0
  51       0
  52       0
  53       0
  54       0
  55       0
  56       0
  57       0
  58       0
  59       0
  60       0
  61       0
  62       0
  63       0
  64       0
  65       0
  66       0
  67       0
  68       0
  69       0
  70       0
  71       0
  72       0
  73       0
  74       0
  75       0
  76       0
  77       0
  78       0
  79       0
  80       0
  81       0
  82       0
  83       0
  84       0
  85       0
  86       0
  87       0
  88       0
  89       0
  90       0
  91       0
  92       0
  93       0
  94       0
  95       0
  96       0
  97       0
  98       0
  99       0
 100       0
 101       0
 102       0
 103       0
 104       0
 105       0
 106       0
 107       0
 108       0
 109       0
 110       0
 111       0
 112       0
 113       0
 114       0
 115       0
 116       0
 117       0
 118       0
 119       0
 120       0
 121       0
 122       0
 123       0
 124       0
 125       0
 126       0
 127       0
 128       0
 129       0
 130       0
 131       0
 132       0
 133       0
 134       0
 135       0
 136       0
 137       0
 138       0
 139       0
 140       0
 141       0
 142       0
 143       0
 144       0
 145       0
 146       0
 147       0
 148       0
 149       0
 150       0
 151       0
 152       0
 153       0
 154       0
 155       0
 156       0
 157       0
 158       0
 159       0
 160       0
 161       0
 162       0
 163       0
 164       0
 165       0
 166       0
 167       0
 168       0
 169       0
 170       0
 171       0
 172       0
 173       0
 174       0
 175       0
 176       0
 177       0
 178       0
 179       0
 180       0
 181       0
 182       0
 183       0
 184       0
 185       0
 186       0
 187       0
 188       0
 189       0
 190       0
 191       0
 192       0
 193       0
 194       0
 195       0
 196       0
 197       0
 198       0
 199       0
 200       0
 201       0
 202       0
 203       0
 204       0
 205       0
 206       0
 207       0
 208       0
 209       0
 210       0
 211       0
 212       0
 213       0
 214       0
 215       0
 216       0
 217       0
 218       0
 219       0
 220       0
 221       0
 222       0
 223       0
 224       0
 225       0
 226       0
 227       0
 228       0
 229       0
 230       0
 231       0
 232       0
 233       0
 234       0
 235       0
 236       0
 237       0
 238       0
 239       0
 240       0
 241       0
 242       0
 243       0
 244       0
 245       0
 246       0
 247       0
 248       0
 249       0
 250       0
 251       0
 252       0
 253       0
 254       0
 255       0
 256       0
 257       0
 258       0
 259       0
 260       0
 261       0
 262       0
 263       0
 264       0
 265       0
 266       0
 267       0
 268       0
 269       0
 270       0
 271       0
 272       0
 273       0
 274       0
 275       0
 276       0
 277       0
 278       0
 279       0
 280       0
 281       0
 282       0
 283       0
 284       0
 285       0
 286       0
 287       0
 288       0
 289       0
 290       0
 291       0
 292       0
 293       0
 294       0
 295       0
 296       0
 297       0
 298       0
 299       0
 300       0
 301       0
 302       0
 303       0
 304       0
 305       0
 306       0
 307       0
 308       0
 309       0
 310       0
 311       0
 312       0
 313       0
 314       0
 315       0
 316       0
 317       0
 318       0
 319       0
 320       0
 321       0
 322       0
 323       0
 324       0
 325       0
 326       0
 327       0
 328       0
 329       0
 330       0
 331       0
 332       0
 333       0
 334       0
 335       0
 336       0
 337       0
 338       0
 339       0
 340       0
 341       0
 342       0
 343       0
 344       0
 345       0
 346       0
 347       0
 348       0
 349       0
 350       0
 351       0
 352       0
 353       0
 354       0
 355       0
 356       0
 357       0
 358       0
 359       0
 360       0
 361       0
 362       0
 363       0
 364       0
 365       0
 366       0
 367       0
 368       0
 369       0
 370       0
 371       0
 372       0
 373       0
 374       0
 375       0
 376       0
 377       0
 378       0
 379       0
 380       0
 381       0
 382       0
 383       0
 384       0
 385       0
 386       0
 387       0
 388       0
 389       0
 390       0
 391       0
 392       0
 393       0
 394       0
 395       0
 396       0
 397       0
 398       0
 399       0
 400       0
 401       0
 402       0
 403       0
 404       0
 405       0
 406       0
 407       0
 408       0
 409       0
 410       0
 411       0
 412       0
 413       0
 414       0
 415       0
 416       0
 417       0
 418       0
 419       0
 420       0
 421       0
 422       0
 423       0
 424       0
 425       0
 426       0
 427       0
 428       0
 429       0
 430       0
 431       0
 432       0
 433       0
 434       0
 435       0
 436       0
 437       0
 438       0
 439       0
 440       0
 441       0
 442       0
 443       0
 444       0
 445       0
 446       0
 447       0
 448       0
 449       0
 450       0
 451       0
 452       0
 453       0
 454       0
 455       0
 456       0
 457       0
 458       0
 459       0
 460       0
 461       0
 462       0
 463       0
 464       0
 465       0
 466       0
 467       0
 468       0
 469       0
 470       0
 471       0
 472       0
 473       0
 474       0
 475       0
 476       0
 477       0
 478       0
 479       0
 480       0
 481       0
 482       0
 483       0
 484       0
 485       0
 486       0
 487       0
 488       0
 489       0
 490       0
 491       0
 492       0
 493       0
 494       0
 495       0
 496       0
 497       0
 498       0
 499       0
 500       0
 501       0
 502       0
 503       0
 504       0
 505       0
 506       0
 507       0
 508       0
 509       0
 510       0
 511       0
 512       0
 513       0
 514       0
 515       0
 516       0
 517       0
 518       0
 519       0
 520       0
 521       0
 522       0
 523       0
 524       0
 525       0
 526       0
 527       0
 528       0
 529       0
 530       0
 531       0
 532       0
 533       0
 534       0
 535       0
 536       0
 537       0
 538       0
 539       0
 540       0
 541       0
 542       0
 543       0
 544       0
 545      40
 546      40
 547      40
 548      39
 549      39
 550      38
 551      38
 552      37
 553      37
 554      37
 555      36
 556      36
 557      35
 558      35
 559      35
 560      34
 561      34
 562      34
 563      33
 564      33
 565      32
 566      32
 567      32
 568      31
 569      31
 570      31
 571      30
 572      30
 573      29
 574      29
 575      29
 576      28
 577      28
 578      28
 579      27
 580      27
 581      26
 582      26
 583      26
 584      25
 585      25
 586      25
 587      24
 588      24
 589      23
 590      23
 591      23
 592      22
 593      22
 594      22
 595      21
 596      21
 597      21
 598      20
 599      20
 600      20
 601      19
 602      19
 603      19
 604      19
 605      18
 606      18
 607      18
 608      17
 609      17
 610      17
 611      17
 612      16
 613      16
 614      16
 615      16
 616      16
 617      15
 618      15
 619      15
 620      15
 621      15
 622      14
 623      14
 624      14
 625      14
 626      14
 627      14
 628      13
 629      13
 630      13
 631      13
 632      13
 633      13
 634      13
 635      13
 636      12
 637      12
 638      12
 639      12
 640      12
 641      12
 642      12
 643      12
 644      12
 645      12
 646      11
 647      11
 648      11
 649      11
 650      11
 651      11
 652      11
 653      11
 654      11
 655      10
 656      10
 657      10
 658      10
 659      10
 660      10
 661      10
 662      10
 663      10
 664       9
 665       9
 666       9
 667       9
 668       9
 669       9
 670       9
 671       9
 672       9
 673       9
 674       9
 675       8
 676       8
 677       8
 678       8
 679       8
 680       8
 681       8
 682       8
 683       8
 684       8
 685       8
 686       8
 687       8
 688       8
 689       8
 690       8
 691       8
 692       8
 693       8
 694       8
 695       8
 696       8
 697       8
 698       8
 699       8
 700       8
 701       8
 702       8
 703       8
 704       8
 705       8
 706       8
 707       8
 708       8
 709       8
 710       8
 711       8
 712       8
 713       8
 714       8
 715       8
 716       8
 717       8
 718       8
 719       8
 720       8
 721       8
 722       8
 723       8
 724       8
 725       9
 726       9
 727       9
 728       9
 729       9
 730       9
 731       9
 732       9
 733       9
 734       9
 735       9
 736       9
 737       9
 738       9
 739       9
 740       9
 741      10
 742      10
 743      10
 744      10
 745      10
 746      10
 747      10
 748      10
 749      10
 750      10
 751      10
 752      10
 753      10
 754      11
 755      11
 756      11
 757      11
 758      11
 759      11
 760      11
 761      11
 762      11
 763      11
 764      12
 765      12
 766      12
 767      12
 768      12
 769      12
 770      12
 771      12
 772      13
 773      13
 774      13
 775      13
 776      13
 777      13
 778      14
 779      14
 780      14
 781      14
 782      14
 783      15
 784      15
 785      15
 786      15
 787      15
 788      16
 789      16
 790      16
 791      16
 792      17
 793      17
 794      17
 795      17
 796      18
 797      18
 798      18
 799      19
 800      19
 801      19
 802      19
 803      20
 804      20
 805      20
 806      21
 807      21
 808      21
 809      22
 810      22
 811      22
 812      23
 813      23
 814      23
 815      24
 816      24
 817      25
 818      25
 819      25
 820      26
 821      26
 822      26
 823      27
 824      27
 825      28
 826      28
 827      29
 828      29
 829      29
 830      30
 831      30
 832      31
 833      31
 834      32
 835      32
 836      32
 837      33
 838      33
 839      34
 840      34
 841      35
 842      35
 843      36
 844      36
 845      37
 846      37
 847      38
 848      38
 849      39
 850      39
 851      40
 852      40
 853      41
 854      42
 855      42
 856      43
 857      43
 858      44
 859      44
 860      45
 861      46
 862      46
 863      47
 864      47
 865      48
 866      49
 867      49
 868      50
 869      50
 870      51
 871      52
 872      52
 873      53
 874      54
 875      54
 876      55
 877      56
 878      56
 879      57
 880      58
 881      58
 882      59
 883      60
 884      60
 885      61
 886       0
 887       0
 888       0
 889       0
 890       0
 891       0
 892       0
 893       0
 894       0
 895       0
 896       0
 897       0
 898       0
 899       0
 900       0
 901       0
 902       0
 903       0
 904       0
 905       0
 906       0
 907       0
 908       0
 909       0
 910       0
 911       0
 912       0
 913       0
 914       0
 915       0
 916       0
 917       0
 918       0
 919       0
 920       0
 921       0
 922       0
 923       0
 924       0
 925       0
 926       0
 927       0
 928       0
 929       0
 930       0
 931       0
 932       0
 933       0
 934       0
 935       0
 936       0
 937       0
 938       0
 939       0
 940       0
 941       0
 942       0
 943       0
 944       0
 945       0
 946       0
 947       0
 948       0
 949       0
 950       0
 951       0
 952       0
 953       0
 954       0
 955       0
 956       0
 957       0
 958       0
 959       0
 960       0
 961       0
 962       0
 963       0
 964       0
 965       0
 966       0
 967       0
 968       0
 969       0
 970       0
 971       0
 972       0
 973       0
 974       0
 975       0
 976       0
 977       0
 978       0
 979       0
 980       0
 981       0
 982       0
 983       0
 984       0
 985       0
 986       0
 987       0
 988       0
 989       0
 990       0
 991       0
 992       0
 993       0
 994       0
 995       0
 996       0
 997       0
 998       0
 999       0
1000       8
