SS  SEM Missouri Spr2008 Final Content:CA Grade:11 (24JUN08)
   1       0
   2       0
   3       0
   4       0
   5       0
   6       0
   7       0
   8       0
   9       0
  10       0
  11       0
  12       0
  13       0
  14       0
  15       0
  16       0
  17       0
  18       0
  19       0
  20       0
  21       0
  22       0
  23       0
  24       0
  25       0
  26       0
  27       0
  28       0
  29       0
  30       0
  31       0
  32       0
  33       0
  34       0
  35       0
  36       0
  37       0
  38       0
  39       0
  40       0
  41       0
  42       0
  43       0
  44       0
  45       0
  46       0
  47       0
  48       0
  49       0
  50       0
  51       0
  52       0
  53       0
  54       0
  55       0
  56       0
  57       0
  58       0
  59       0
  60       0
  61       0
  62       0
  63       0
  64       0
  65       0
  66       0
  67       0
  68       0
  69       0
  70       0
  71       0
  72       0
  73       0
  74       0
  75       0
  76       0
  77       0
  78       0
  79       0
  80       0
  81       0
  82       0
  83       0
  84       0
  85       0
  86       0
  87       0
  88       0
  89       0
  90       0
  91       0
  92       0
  93       0
  94       0
  95       0
  96       0
  97       0
  98       0
  99       0
 100       0
 101       0
 102       0
 103       0
 104       0
 105       0
 106       0
 107       0
 108       0
 109       0
 110       0
 111       0
 112       0
 113       0
 114       0
 115       0
 116       0
 117       0
 118       0
 119       0
 120       0
 121       0
 122       0
 123       0
 124       0
 125       0
 126       0
 127       0
 128       0
 129       0
 130       0
 131       0
 132       0
 133       0
 134       0
 135       0
 136       0
 137       0
 138       0
 139       0
 140       0
 141       0
 142       0
 143       0
 144       0
 145       0
 146       0
 147       0
 148       0
 149       0
 150       0
 151       0
 152       0
 153       0
 154       0
 155       0
 156       0
 157       0
 158       0
 159       0
 160       0
 161       0
 162       0
 163       0
 164       0
 165       0
 166       0
 167       0
 168       0
 169       0
 170       0
 171       0
 172       0
 173       0
 174       0
 175       0
 176       0
 177       0
 178       0
 179       0
 180       0
 181       0
 182       0
 183       0
 184       0
 185       0
 186       0
 187       0
 188       0
 189       0
 190       0
 191       0
 192       0
 193       0
 194       0
 195       0
 196       0
 197       0
 198       0
 199       0
 200       0
 201       0
 202       0
 203       0
 204       0
 205       0
 206       0
 207       0
 208       0
 209       0
 210       0
 211       0
 212       0
 213       0
 214       0
 215       0
 216       0
 217       0
 218       0
 219       0
 220       0
 221       0
 222       0
 223       0
 224       0
 225       0
 226       0
 227       0
 228       0
 229       0
 230       0
 231       0
 232       0
 233       0
 234       0
 235       0
 236       0
 237       0
 238       0
 239       0
 240       0
 241       0
 242       0
 243       0
 244       0
 245       0
 246       0
 247       0
 248       0
 249       0
 250       0
 251       0
 252       0
 253       0
 254       0
 255       0
 256       0
 257       0
 258       0
 259       0
 260       0
 261       0
 262       0
 263       0
 264       0
 265       0
 266       0
 267       0
 268       0
 269       0
 270       0
 271       0
 272       0
 273       0
 274       0
 275       0
 276       0
 277       0
 278       0
 279       0
 280       0
 281       0
 282       0
 283       0
 284       0
 285       0
 286       0
 287       0
 288       0
 289       0
 290       0
 291       0
 292       0
 293       0
 294       0
 295       0
 296       0
 297       0
 298       0
 299       0
 300       0
 301       0
 302       0
 303       0
 304       0
 305       0
 306       0
 307       0
 308       0
 309       0
 310       0
 311       0
 312       0
 313       0
 314       0
 315       0
 316       0
 317       0
 318       0
 319       0
 320       0
 321       0
 322       0
 323       0
 324       0
 325       0
 326       0
 327       0
 328       0
 329       0
 330       0
 331       0
 332       0
 333       0
 334       0
 335       0
 336       0
 337       0
 338       0
 339       0
 340       0
 341       0
 342       0
 343       0
 344       0
 345       0
 346       0
 347       0
 348       0
 349       0
 350       0
 351       0
 352       0
 353       0
 354       0
 355       0
 356       0
 357       0
 358       0
 359       0
 360       0
 361       0
 362       0
 363       0
 364       0
 365       0
 366       0
 367       0
 368       0
 369       0
 370       0
 371       0
 372       0
 373       0
 374       0
 375       0
 376       0
 377       0
 378       0
 379       0
 380       0
 381       0
 382       0
 383       0
 384       0
 385       0
 386       0
 387       0
 388       0
 389       0
 390       0
 391       0
 392       0
 393       0
 394       0
 395       0
 396       0
 397       0
 398       0
 399       0
 400       0
 401       0
 402       0
 403       0
 404       0
 405       0
 406       0
 407       0
 408       0
 409       0
 410       0
 411       0
 412       0
 413       0
 414       0
 415       0
 416       0
 417       0
 418       0
 419       0
 420       0
 421       0
 422       0
 423       0
 424       0
 425       0
 426       0
 427       0
 428       0
 429       0
 430       0
 431       0
 432       0
 433       0
 434       0
 435       0
 436       0
 437       0
 438       0
 439       0
 440       0
 441       0
 442       0
 443       0
 444       0
 445       0
 446       0
 447       0
 448       0
 449       0
 450       0
 451       0
 452       0
 453       0
 454       0
 455       0
 456       0
 457       0
 458       0
 459       0
 460       0
 461       0
 462       0
 463       0
 464       0
 465       0
 466       0
 467       0
 468       0
 469       0
 470       0
 471       0
 472       0
 473       0
 474       0
 475       0
 476       0
 477       0
 478       0
 479       0
 480       0
 481       0
 482       0
 483       0
 484       0
 485       0
 486       0
 487       0
 488       0
 489       0
 490       0
 491       0
 492       0
 493       0
 494       0
 495       0
 496       0
 497       0
 498       0
 499       0
 500       0
 501       0
 502       0
 503       0
 504       0
 505       0
 506       0
 507       0
 508       0
 509       0
 510       0
 511       0
 512       0
 513       0
 514       0
 515       0
 516       0
 517       0
 518       0
 519       0
 520       0
 521       0
 522       0
 523       0
 524       0
 525       0
 526       0
 527       0
 528       0
 529       0
 530       0
 531       0
 532       0
 533       0
 534       0
 535       0
 536       0
 537       0
 538       0
 539       0
 540       0
 541       0
 542       0
 543       0
 544       0
 545      41
 546      40
 547      40
 548      40
 549      39
 550      39
 551      38
 552      38
 553      38
 554      37
 555      37
 556      37
 557      36
 558      36
 559      36
 560      35
 561      35
 562      35
 563      34
 564      34
 565      34
 566      33
 567      33
 568      33
 569      33
 570      32
 571      32
 572      32
 573      31
 574      31
 575      31
 576      30
 577      30
 578      30
 579      29
 580      29
 581      29
 582      29
 583      28
 584      28
 585      28
 586      27
 587      27
 588      27
 589      27
 590      26
 591      26
 592      26
 593      25
 594      25
 595      25
 596      25
 597      24
 598      24
 599      24
 600      23
 601      23
 602      23
 603      23
 604      22
 605      22
 606      22
 607      21
 608      21
 609      21
 610      21
 611      20
 612      20
 613      20
 614      20
 615      19
 616      19
 617      19
 618      19
 619      18
 620      18
 621      18
 622      18
 623      18
 624      17
 625      17
 626      17
 627      17
 628      17
 629      16
 630      16
 631      16
 632      16
 633      16
 634      15
 635      15
 636      15
 637      15
 638      15
 639      14
 640      14
 641      14
 642      14
 643      14
 644      14
 645      14
 646      13
 647      13
 648      13
 649      13
 650      13
 651      13
 652      13
 653      12
 654      12
 655      12
 656      12
 657      12
 658      12
 659      12
 660      12
 661      12
 662      11
 663      11
 664      11
 665      11
 666      11
 667      11
 668      11
 669      11
 670      11
 671      11
 672      10
 673      10
 674      10
 675      10
 676      10
 677      10
 678      10
 679      10
 680      10
 681      10
 682      10
 683      10
 684       9
 685       9
 686       9
 687       9
 688       9
 689       9
 690       9
 691       9
 692       9
 693       9
 694       9
 695       9
 696       9
 697       8
 698       8
 699       8
 700       8
 701       8
 702       8
 703       8
 704       8
 705       8
 706       8
 707       8
 708       8
 709       8
 710       8
 711       7
 712       7
 713       7
 714       7
 715       7
 716       7
 717       7
 718       7
 719       7
 720       7
 721       7
 722       7
 723       7
 724       7
 725       7
 726       7
 727       7
 728       7
 729       7
 730       7
 731       7
 732       8
 733       8
 734       8
 735       8
 736       8
 737       8
 738       8
 739       8
 740       8
 741       8
 742       8
 743       8
 744       8
 745       8
 746       8
 747       8
 748       9
 749       9
 750       9
 751       9
 752       9
 753       9
 754       9
 755       9
 756       9
 757       9
 758      10
 759      10
 760      10
 761      10
 762      10
 763      10
 764      10
 765      10
 766      11
 767      11
 768      11
 769      11
 770      11
 771      11
 772      12
 773      12
 774      12
 775      12
 776      12
 777      12
 778      13
 779      13
 780      13
 781      13
 782      13
 783      14
 784      14
 785      14
 786      14
 787      14
 788      15
 789      15
 790      15
 791      15
 792      15
 793      16
 794      16
 795      16
 796      16
 797      17
 798      17
 799      17
 800      17
 801      18
 802      18
 803      18
 804      18
 805      19
 806      19
 807      19
 808      20
 809      20
 810      20
 811      20
 812      21
 813      21
 814      21
 815      22
 816      22
 817      22
 818      23
 819      23
 820      24
 821      24
 822      24
 823      25
 824      25
 825      25
 826      26
 827      26
 828      27
 829      27
 830      28
 831      28
 832      28
 833      29
 834      29
 835      30
 836      30
 837      31
 838      31
 839      32
 840      32
 841      33
 842      33
 843      34
 844      34
 845      35
 846      36
 847      36
 848      37
 849      37
 850      38
 851      38
 852      39
 853      40
 854      40
 855      41
 856      42
 857      42
 858      43
 859      44
 860      44
 861      45
 862      46
 863      46
 864      47
 865      48
 866      48
 867      49
 868      50
 869      51
 870      51
 871      52
 872      53
 873      54
 874      54
 875      55
 876      56
 877      57
 878      58
 879      58
 880      59
 881      60
 882      61
 883      62
 884      63
 885      64
 886       0
 887       0
 888       0
 889       0
 890       0
 891       0
 892       0
 893       0
 894       0
 895       0
 896       0
 897       0
 898       0
 899       0
 900       0
 901       0
 902       0
 903       0
 904       0
 905       0
 906       0
 907       0
 908       0
 909       0
 910       0
 911       0
 912       0
 913       0
 914       0
 915       0
 916       0
 917       0
 918       0
 919       0
 920       0
 921       0
 922       0
 923       0
 924       0
 925       0
 926       0
 927       0
 928       0
 929       0
 930       0
 931       0
 932       0
 933       0
 934       0
 935       0
 936       0
 937       0
 938       0
 939       0
 940       0
 941       0
 942       0
 943       0
 944       0
 945       0
 946       0
 947       0
 948       0
 949       0
 950       0
 951       0
 952       0
 953       0
 954       0
 955       0
 956       0
 957       0
 958       0
 959       0
 960       0
 961       0
 962       0
 963       0
 964       0
 965       0
 966       0
 967       0
 968       0
 969       0
 970       0
 971       0
 972       0
 973       0
 974       0
 975       0
 976       0
 977       0
 978       0
 979       0
 980       0
 981       0
 982       0
 983       0
 984       0
 985       0
 986       0
 987       0
 988       0
 989       0
 990       0
 991       0
 992       0
 993       0
 994       0
 995       0
 996       0
 997       0
 998       0
 999       0
1000       7
