SS  SEM Missouri Spr2008 Final Content:SC Grade:11 (23JUN08)                    
   1       0                                                                    
   2       0                                                                    
   3       0                                                                    
   4       0                                                                    
   5       0                                                                    
   6       0                                                                    
   7       0                                                                    
   8       0                                                                    
   9       0                                                                    
  10       0                                                                    
  11       0                                                                    
  12       0                                                                    
  13       0                                                                    
  14       0                                                                    
  15       0                                                                    
  16       0                                                                    
  17       0                                                                    
  18       0                                                                    
  19       0                                                                    
  20       0                                                                    
  21       0                                                                    
  22       0                                                                    
  23       0                                                                    
  24       0                                                                    
  25       0                                                                    
  26       0                                                                    
  27       0                                                                    
  28       0                                                                    
  29       0                                                                    
  30       0                                                                    
  31       0                                                                    
  32       0                                                                    
  33       0                                                                    
  34       0                                                                    
  35       0                                                                    
  36       0                                                                    
  37       0                                                                    
  38       0                                                                    
  39       0                                                                    
  40       0                                                                    
  41       0                                                                    
  42       0                                                                    
  43       0                                                                    
  44       0                                                                    
  45       0                                                                    
  46       0                                                                    
  47       0                                                                    
  48       0                                                                    
  49       0                                                                    
  50       0                                                                    
  51       0                                                                    
  52       0                                                                    
  53       0                                                                    
  54       0                                                                    
  55       0                                                                    
  56       0                                                                    
  57       0                                                                    
  58       0                                                                    
  59       0                                                                    
  60       0                                                                    
  61       0                                                                    
  62       0                                                                    
  63       0                                                                    
  64       0                                                                    
  65       0                                                                    
  66       0                                                                    
  67       0                                                                    
  68       0                                                                    
  69       0                                                                    
  70       0                                                                    
  71       0                                                                    
  72       0                                                                    
  73       0                                                                    
  74       0                                                                    
  75       0                                                                    
  76       0                                                                    
  77       0                                                                    
  78       0                                                                    
  79       0                                                                    
  80       0                                                                    
  81       0                                                                    
  82       0                                                                    
  83       0                                                                    
  84       0                                                                    
  85       0                                                                    
  86       0                                                                    
  87       0                                                                    
  88       0                                                                    
  89       0                                                                    
  90       0                                                                    
  91       0                                                                    
  92       0                                                                    
  93       0                                                                    
  94       0                                                                    
  95       0                                                                    
  96       0                                                                    
  97       0                                                                    
  98       0                                                                    
  99       0                                                                    
 100       0                                                                    
 101       0                                                                    
 102       0                                                                    
 103       0                                                                    
 104       0                                                                    
 105       0                                                                    
 106       0                                                                    
 107       0                                                                    
 108       0                                                                    
 109       0                                                                    
 110       0                                                                    
 111       0                                                                    
 112       0                                                                    
 113       0                                                                    
 114       0                                                                    
 115       0                                                                    
 116       0                                                                    
 117       0                                                                    
 118       0                                                                    
 119       0                                                                    
 120       0                                                                    
 121       0                                                                    
 122       0                                                                    
 123       0                                                                    
 124       0                                                                    
 125       0                                                                    
 126       0                                                                    
 127       0                                                                    
 128       0                                                                    
 129       0                                                                    
 130       0                                                                    
 131       0                                                                    
 132       0                                                                    
 133       0                                                                    
 134       0                                                                    
 135       0                                                                    
 136       0                                                                    
 137       0                                                                    
 138       0                                                                    
 139       0                                                                    
 140       0                                                                    
 141       0                                                                    
 142       0                                                                    
 143       0                                                                    
 144       0                                                                    
 145       0                                                                    
 146       0                                                                    
 147       0                                                                    
 148       0                                                                    
 149       0                                                                    
 150       0                                                                    
 151       0                                                                    
 152       0                                                                    
 153       0                                                                    
 154       0                                                                    
 155       0                                                                    
 156       0                                                                    
 157       0                                                                    
 158       0                                                                    
 159       0                                                                    
 160       0                                                                    
 161       0                                                                    
 162       0                                                                    
 163       0                                                                    
 164       0                                                                    
 165       0                                                                    
 166       0                                                                    
 167       0                                                                    
 168       0                                                                    
 169       0                                                                    
 170       0                                                                    
 171       0                                                                    
 172       0                                                                    
 173       0                                                                    
 174       0                                                                    
 175       0                                                                    
 176       0                                                                    
 177       0                                                                    
 178       0                                                                    
 179       0                                                                    
 180       0                                                                    
 181       0                                                                    
 182       0                                                                    
 183       0                                                                    
 184       0                                                                    
 185       0                                                                    
 186       0                                                                    
 187       0                                                                    
 188       0                                                                    
 189       0                                                                    
 190       0                                                                    
 191       0                                                                    
 192       0                                                                    
 193       0                                                                    
 194       0                                                                    
 195       0                                                                    
 196       0                                                                    
 197       0                                                                    
 198       0                                                                    
 199       0                                                                    
 200       0                                                                    
 201       0                                                                    
 202       0                                                                    
 203       0                                                                    
 204       0                                                                    
 205       0                                                                    
 206       0                                                                    
 207       0                                                                    
 208       0                                                                    
 209       0                                                                    
 210       0                                                                    
 211       0                                                                    
 212       0                                                                    
 213       0                                                                    
 214       0                                                                    
 215       0                                                                    
 216       0                                                                    
 217       0                                                                    
 218       0                                                                    
 219       0                                                                    
 220       0                                                                    
 221       0                                                                    
 222       0                                                                    
 223       0                                                                    
 224       0                                                                    
 225       0                                                                    
 226       0                                                                    
 227       0                                                                    
 228       0                                                                    
 229       0                                                                    
 230       0                                                                    
 231       0                                                                    
 232       0                                                                    
 233       0                                                                    
 234       0                                                                    
 235       0                                                                    
 236       0                                                                    
 237       0                                                                    
 238       0                                                                    
 239       0                                                                    
 240       0                                                                    
 241       0                                                                    
 242       0                                                                    
 243       0                                                                    
 244       0                                                                    
 245       0                                                                    
 246       0                                                                    
 247       0                                                                    
 248       0                                                                    
 249       0                                                                    
 250       0                                                                    
 251       0                                                                    
 252       0                                                                    
 253       0                                                                    
 254       0                                                                    
 255       0                                                                    
 256       0                                                                    
 257       0                                                                    
 258       0                                                                    
 259       0                                                                    
 260       0                                                                    
 261       0                                                                    
 262       0                                                                    
 263       0                                                                    
 264       0                                                                    
 265       0                                                                    
 266       0                                                                    
 267       0                                                                    
 268       0                                                                    
 269       0                                                                    
 270       0                                                                    
 271       0                                                                    
 272       0                                                                    
 273       0                                                                    
 274       0                                                                    
 275       0                                                                    
 276       0                                                                    
 277       0                                                                    
 278       0                                                                    
 279       0                                                                    
 280       0                                                                    
 281       0                                                                    
 282       0                                                                    
 283       0                                                                    
 284       0                                                                    
 285       0                                                                    
 286       0                                                                    
 287       0                                                                    
 288       0                                                                    
 289       0                                                                    
 290       0                                                                    
 291       0                                                                    
 292       0                                                                    
 293       0                                                                    
 294       0                                                                    
 295       0                                                                    
 296       0                                                                    
 297       0                                                                    
 298       0                                                                    
 299       0                                                                    
 300       0                                                                    
 301       0                                                                    
 302       0                                                                    
 303       0                                                                    
 304       0                                                                    
 305       0                                                                    
 306       0                                                                    
 307       0                                                                    
 308       0                                                                    
 309       0                                                                    
 310       0                                                                    
 311       0                                                                    
 312       0                                                                    
 313       0                                                                    
 314       0                                                                    
 315       0                                                                    
 316       0                                                                    
 317       0                                                                    
 318       0                                                                    
 319       0                                                                    
 320       0                                                                    
 321       0                                                                    
 322       0                                                                    
 323       0                                                                    
 324       0                                                                    
 325       0                                                                    
 326       0                                                                    
 327       0                                                                    
 328       0                                                                    
 329       0                                                                    
 330       0                                                                    
 331       0                                                                    
 332       0                                                                    
 333       0                                                                    
 334       0                                                                    
 335       0                                                                    
 336       0                                                                    
 337       0                                                                    
 338       0                                                                    
 339       0                                                                    
 340       0                                                                    
 341       0                                                                    
 342       0                                                                    
 343       0                                                                    
 344       0                                                                    
 345       0                                                                    
 346       0                                                                    
 347       0                                                                    
 348       0                                                                    
 349       0                                                                    
 350       0                                                                    
 351       0                                                                    
 352       0                                                                    
 353       0                                                                    
 354       0                                                                    
 355       0                                                                    
 356       0                                                                    
 357       0                                                                    
 358       0                                                                    
 359       0                                                                    
 360       0                                                                    
 361       0                                                                    
 362       0                                                                    
 363       0                                                                    
 364       0                                                                    
 365       0                                                                    
 366       0                                                                    
 367       0                                                                    
 368       0                                                                    
 369       0                                                                    
 370       0                                                                    
 371       0                                                                    
 372       0                                                                    
 373       0                                                                    
 374       0                                                                    
 375       0                                                                    
 376       0                                                                    
 377       0                                                                    
 378       0                                                                    
 379       0                                                                    
 380       0                                                                    
 381       0                                                                    
 382       0                                                                    
 383       0                                                                    
 384       0                                                                    
 385       0                                                                    
 386       0                                                                    
 387       0                                                                    
 388       0                                                                    
 389       0                                                                    
 390       0                                                                    
 391       0                                                                    
 392       0                                                                    
 393       0                                                                    
 394       0                                                                    
 395       0                                                                    
 396       0                                                                    
 397       0                                                                    
 398       0                                                                    
 399       0                                                                    
 400       0                                                                    
 401       0                                                                    
 402       0                                                                    
 403       0                                                                    
 404       0                                                                    
 405       0                                                                    
 406       0                                                                    
 407       0                                                                    
 408       0                                                                    
 409       0                                                                    
 410       0                                                                    
 411       0                                                                    
 412       0                                                                    
 413       0                                                                    
 414       0                                                                    
 415       0                                                                    
 416       0                                                                    
 417       0                                                                    
 418       0                                                                    
 419       0                                                                    
 420       0                                                                    
 421       0                                                                    
 422       0                                                                    
 423       0                                                                    
 424       0                                                                    
 425       0                                                                    
 426       0                                                                    
 427       0                                                                    
 428       0                                                                    
 429       0                                                                    
 430       0                                                                    
 431       0                                                                    
 432       0                                                                    
 433       0                                                                    
 434       0                                                                    
 435       0                                                                    
 436       0                                                                    
 437       0                                                                    
 438       0                                                                    
 439       0                                                                    
 440       0                                                                    
 441       0                                                                    
 442       0                                                                    
 443       0                                                                    
 444       0                                                                    
 445       0                                                                    
 446       0                                                                    
 447       0                                                                    
 448       0                                                                    
 449       0                                                                    
 450       0                                                                    
 451       0                                                                    
 452       0                                                                    
 453       0                                                                    
 454       0                                                                    
 455       0                                                                    
 456       0                                                                    
 457       0                                                                    
 458       0                                                                    
 459       0                                                                    
 460       0                                                                    
 461       0                                                                    
 462       0                                                                    
 463       0                                                                    
 464       0                                                                    
 465       0                                                                    
 466       0                                                                    
 467       0                                                                    
 468       0                                                                    
 469       0                                                                    
 470       0                                                                    
 471       0                                                                    
 472       0                                                                    
 473       0                                                                    
 474       0                                                                    
 475       0                                                                    
 476       0                                                                    
 477       0                                                                    
 478       0                                                                    
 479       0                                                                    
 480       0                                                                    
 481       0                                                                    
 482       0                                                                    
 483       0                                                                    
 484       0                                                                    
 485       0                                                                    
 486       0                                                                    
 487       0                                                                    
 488       0                                                                    
 489       0                                                                    
 490       0                                                                    
 491       0                                                                    
 492       0                                                                    
 493       0                                                                    
 494       0                                                                    
 495       0                                                                    
 496       0                                                                    
 497       0                                                                    
 498       0                                                                    
 499       0                                                                    
 500       0                                                                    
 501       0                                                                    
 502       0                                                                    
 503       0                                                                    
 504       0                                                                    
 505       0                                                                    
 506       0                                                                    
 507       0                                                                    
 508       0                                                                    
 509       0                                                                    
 510       0                                                                    
 511       0                                                                    
 512       0                                                                    
 513       0                                                                    
 514       0                                                                    
 515       0                                                                    
 516       0                                                                    
 517       0                                                                    
 518       0                                                                    
 519       0                                                                    
 520       0                                                                    
 521       0                                                                    
 522       0                                                                    
 523       0                                                                    
 524       0                                                                    
 525       0                                                                    
 526       0                                                                    
 527       0                                                                    
 528       0                                                                    
 529       0                                                                    
 530       0                                                                    
 531       0                                                                    
 532       0                                                                    
 533       0                                                                    
 534       0                                                                    
 535       0                                                                    
 536       0                                                                    
 537       0                                                                    
 538       0                                                                    
 539       0                                                                    
 540       0                                                                    
 541       0                                                                    
 542       0                                                                    
 543       0                                                                    
 544       0                                                                    
 545       0                                                                    
 546       0                                                                    
 547       0                                                                    
 548       0                                                                    
 549       0                                                                    
 550      48                                                                    
 551      48                                                                    
 552      47                                                                    
 553      46                                                                    
 554      46                                                                    
 555      45                                                                    
 556      45                                                                    
 557      44                                                                    
 558      44                                                                    
 559      43                                                                    
 560      43                                                                    
 561      42                                                                    
 562      42                                                                    
 563      41                                                                    
 564      41                                                                    
 565      40                                                                    
 566      40                                                                    
 567      39                                                                    
 568      39                                                                    
 569      39                                                                    
 570      38                                                                    
 571      38                                                                    
 572      37                                                                    
 573      37                                                                    
 574      36                                                                    
 575      36                                                                    
 576      35                                                                    
 577      35                                                                    
 578      35                                                                    
 579      34                                                                    
 580      34                                                                    
 581      33                                                                    
 582      33                                                                    
 583      33                                                                    
 584      32                                                                    
 585      32                                                                    
 586      32                                                                    
 587      31                                                                    
 588      31                                                                    
 589      30                                                                    
 590      30                                                                    
 591      30                                                                    
 592      29                                                                    
 593      29                                                                    
 594      29                                                                    
 595      28                                                                    
 596      28                                                                    
 597      28                                                                    
 598      27                                                                    
 599      27                                                                    
 600      27                                                                    
 601      26                                                                    
 602      26                                                                    
 603      26                                                                    
 604      25                                                                    
 605      25                                                                    
 606      25                                                                    
 607      25                                                                    
 608      24                                                                    
 609      24                                                                    
 610      24                                                                    
 611      23                                                                    
 612      23                                                                    
 613      23                                                                    
 614      23                                                                    
 615      22                                                                    
 616      22                                                                    
 617      22                                                                    
 618      22                                                                    
 619      21                                                                    
 620      21                                                                    
 621      21                                                                    
 622      21                                                                    
 623      20                                                                    
 624      20                                                                    
 625      20                                                                    
 626      20                                                                    
 627      20                                                                    
 628      19                                                                    
 629      19                                                                    
 630      19                                                                    
 631      19                                                                    
 632      18                                                                    
 633      18                                                                    
 634      18                                                                    
 635      18                                                                    
 636      18                                                                    
 637      17                                                                    
 638      17                                                                    
 639      17                                                                    
 640      17                                                                    
 641      17                                                                    
 642      17                                                                    
 643      16                                                                    
 644      16                                                                    
 645      16                                                                    
 646      16                                                                    
 647      16                                                                    
 648      15                                                                    
 649      15                                                                    
 650      15                                                                    
 651      15                                                                    
 652      15                                                                    
 653      15                                                                    
 654      15                                                                    
 655      14                                                                    
 656      14                                                                    
 657      14                                                                    
 658      14                                                                    
 659      14                                                                    
 660      14                                                                    
 661      13                                                                    
 662      13                                                                    
 663      13                                                                    
 664      13                                                                    
 665      13                                                                    
 666      13                                                                    
 667      13                                                                    
 668      13                                                                    
 669      12                                                                    
 670      12                                                                    
 671      12                                                                    
 672      12                                                                    
 673      12                                                                    
 674      12                                                                    
 675      12                                                                    
 676      12                                                                    
 677      11                                                                    
 678      11                                                                    
 679      11                                                                    
 680      11                                                                    
 681      11                                                                    
 682      11                                                                    
 683      11                                                                    
 684      11                                                                    
 685      11                                                                    
 686      11                                                                    
 687      10                                                                    
 688      10                                                                    
 689      10                                                                    
 690      10                                                                    
 691      10                                                                    
 692      10                                                                    
 693      10                                                                    
 694      10                                                                    
 695      10                                                                    
 696      10                                                                    
 697      10                                                                    
 698      10                                                                    
 699      10                                                                    
 700       9                                                                    
 701       9                                                                    
 702       9                                                                    
 703       9                                                                    
 704       9                                                                    
 705       9                                                                    
 706       9                                                                    
 707       9                                                                    
 708       9                                                                    
 709       9                                                                    
 710       9                                                                    
 711       9                                                                    
 712       9                                                                    
 713       9                                                                    
 714       9                                                                    
 715       9                                                                    
 716       8                                                                    
 717       8                                                                    
 718       8                                                                    
 719       8                                                                    
 720       8                                                                    
 721       8                                                                    
 722       8                                                                    
 723       8                                                                    
 724       8                                                                    
 725       8                                                                    
 726       8                                                                    
 727       8                                                                    
 728       8                                                                    
 729       8                                                                    
 730       8                                                                    
 731       8                                                                    
 732       8                                                                    
 733       8                                                                    
 734       8                                                                    
 735       8                                                                    
 736       8                                                                    
 737       8                                                                    
 738       8                                                                    
 739       8                                                                    
 740       8                                                                    
 741       8                                                                    
 742       8                                                                    
 743       8                                                                    
 744       8                                                                    
 745       8                                                                    
 746       8                                                                    
 747       8                                                                    
 748       8                                                                    
 749       8                                                                    
 750       8                                                                    
 751       8                                                                    
 752       8                                                                    
 753       8                                                                    
 754       8                                                                    
 755       8                                                                    
 756       8                                                                    
 757       8                                                                    
 758       8                                                                    
 759       8                                                                    
 760       8                                                                    
 761       8                                                                    
 762       8                                                                    
 763       8                                                                    
 764       8                                                                    
 765       8                                                                    
 766       8                                                                    
 767       8                                                                    
 768       8                                                                    
 769       8                                                                    
 770       8                                                                    
 771       8                                                                    
 772       8                                                                    
 773       8                                                                    
 774       8                                                                    
 775       8                                                                    
 776       8                                                                    
 777       8                                                                    
 778       8                                                                    
 779       8                                                                    
 780       8                                                                    
 781       8                                                                    
 782       8                                                                    
 783       9                                                                    
 784       9                                                                    
 785       9                                                                    
 786       9                                                                    
 787       9                                                                    
 788       9                                                                    
 789       9                                                                    
 790       9                                                                    
 791       9                                                                    
 792       9                                                                    
 793       9                                                                    
 794       9                                                                    
 795      10                                                                    
 796      10                                                                    
 797      10                                                                    
 798      10                                                                    
 799      10                                                                    
 800      10                                                                    
 801      10                                                                    
 802      10                                                                    
 803      10                                                                    
 804      11                                                                    
 805      11                                                                    
 806      11                                                                    
 807      11                                                                    
 808      11                                                                    
 809      11                                                                    
 810      11                                                                    
 811      11                                                                    
 812      12                                                                    
 813      12                                                                    
 814      12                                                                    
 815      12                                                                    
 816      12                                                                    
 817      12                                                                    
 818      12                                                                    
 819      12                                                                    
 820      13                                                                    
 821      13                                                                    
 822      13                                                                    
 823      13                                                                    
 824      13                                                                    
 825      13                                                                    
 826      13                                                                    
 827      14                                                                    
 828      14                                                                    
 829      14                                                                    
 830      14                                                                    
 831      14                                                                    
 832      14                                                                    
 833      14                                                                    
 834      15                                                                    
 835      15                                                                    
 836      15                                                                    
 837      15                                                                    
 838      15                                                                    
 839      15                                                                    
 840      16                                                                    
 841      16                                                                    
 842      16                                                                    
 843      16                                                                    
 844      16                                                                    
 845      16                                                                    
 846      17                                                                    
 847      17                                                                    
 848      17                                                                    
 849      17                                                                    
 850      17                                                                    
 851      18                                                                    
 852      18                                                                    
 853      18                                                                    
 854      18                                                                    
 855      18                                                                    
 856      19                                                                    
 857      19                                                                    
 858      19                                                                    
 859      19                                                                    
 860      19                                                                    
 861      20                                                                    
 862      20                                                                    
 863      20                                                                    
 864      20                                                                    
 865      21                                                                    
 866      21                                                                    
 867      21                                                                    
 868      21                                                                    
 869      22                                                                    
 870      22                                                                    
 871      22                                                                    
 872      22                                                                    
 873      23                                                                    
 874      23                                                                    
 875      23                                                                    
 876      23                                                                    
 877      24                                                                    
 878      24                                                                    
 879      24                                                                    
 880      25                                                                    
 881      25                                                                    
 882      25                                                                    
 883      25                                                                    
 884      26                                                                    
 885      26                                                                    
 886      26                                                                    
 887      27                                                                    
 888      27                                                                    
 889      27                                                                    
 890      28                                                                    
 891      28                                                                    
 892      28                                                                    
 893      29                                                                    
 894      29                                                                    
 895      29                                                                    
 896      30                                                                    
 897      30                                                                    
 898      30                                                                    
 899      31                                                                    
 900      31                                                                    
 901      32                                                                    
 902      32                                                                    
 903      32                                                                    
 904      33                                                                    
 905      33                                                                    
 906      34                                                                    
 907      34                                                                    
 908      34                                                                    
 909      35                                                                    
 910      35                                                                    
 911      36                                                                    
 912      36                                                                    
 913      37                                                                    
 914      37                                                                    
 915      38                                                                    
 916      38                                                                    
 917      39                                                                    
 918      39                                                                    
 919      40                                                                    
 920      40                                                                    
 921      41                                                                    
 922      41                                                                    
 923      42                                                                    
 924      42                                                                    
 925      43                                                                    
 926      43                                                                    
 927      44                                                                    
 928      44                                                                    
 929      45                                                                    
 930      45                                                                    
 931      46                                                                    
 932      46                                                                    
 933      47                                                                    
 934      48                                                                    
 935      48                                                                    
 936      49                                                                    
 937      49                                                                    
 938      50                                                                    
 939      51                                                                    
 940      51                                                                    
 941      52                                                                    
 942      53                                                                    
 943      53                                                                    
 944      54                                                                    
 945      54                                                                    
 946      55                                                                    
 947      56                                                                    
 948      57                                                                    
 949      57                                                                    
 950      58                                                                    
 951      59                                                                    
 952      59                                                                    
 953      60                                                                    
 954      61                                                                    
 955      62                                                                    
 956      62                                                                    
 957      63                                                                    
 958      64                                                                    
 959      65                                                                    
 960      65                                                                    
 961      66                                                                    
 962      67                                                                    
 963      68                                                                    
 964      69                                                                    
 965      69                                                                    
 966      70                                                                    
 967      71                                                                    
 968      72                                                                    
 969      73                                                                    
 970      74                                                                    
 971       0                                                                    
 972       0                                                                    
 973       0                                                                    
 974       0                                                                    
 975       0                                                                    
 976       0                                                                    
 977       0                                                                    
 978       0                                                                    
 979       0                                                                    
 980       0                                                                    
 981       0                                                                    
 982       0                                                                    
 983       0                                                                    
 984       0                                                                    
 985       0                                                                    
 986       0                                                                    
 987       0                                                                    
 988       0                                                                    
 989       0                                                                    
 990       0                                                                    
 991       0                                                                    
 992       0                                                                    
 993       0                                                                    
 994       0                                                                    
 995       0                                                                    
 996       0                                                                    
 997       0                                                                    
 998       0                                                                    
 999       0                                                                    
1000       8                                                                    
