Grade	Subject	theta	RawScore	scaledscore	perflevel	LowScaledScore	HighScaledScore	GrowthTheta	Information	StandardErrorTheta	StandardErrorScaleScore
3	ela	-9.187031259	0	200	1	200	210.4478841	-8.169185164	0.03816159	4.472135955	10
3	ela	-8.782617887	1	200	1	200	210.4478841	-7.81122092	0.05267846	4.356958928	10
3	ela	-8.378204515	2	202	1	200	212.2394206	-7.453256677	0.072753965	3.707418971	10
3	ela	-7.973791142	3	202	1	200	212.2394206	-7.095292434	0.100459819	3.155032266	10
3	ela	-7.56937777	4	204	1	200	214.0309571	-6.73732819	0.138548877	2.686572071	10
3	ela	-7.164964398	5	204	1	200	214.0309571	-6.379363947	0.190574768	2.290695169	10
3	ela	-6.760551026	6	206	1	200	214.5763116	-6.021399703	0.260909235	1.957741173	9.423258563
3	ela	-6.356137654	7	206	1	200	214.5763116	-5.66343546	0.354485528	1.679580196	8.084377385
3	ela	-5.951724281	8	208	1	201.9268003	214.1970282	-5.305471217	0.475963331	1.449483421	6.976845179
3	ela	-5.547310909	9	208	1	201.9268003	214.1970282	-4.947506973	0.627933442	1.261953038	6.074199154
3	ela	-5.142897537	10	208	1	201.9268003	214.1970282	-4.58954273	0.808140134	1.112388941	5.354297471
3	ela	-4.738484165	11	210	1	205.7163779	214.8862919	-4.231578487	1.007210014	0.996414371	4.796073343
3	ela	-4.334070793	12	210	1	205.7163779	214.8862919	-3.873614243	1.211060257	0.908692877	4.373840657
3	ela	-3.909163294	13	212	1	208.2192098	215.966533	-3.497509738	1.423455505	0.838162163	4.034352902
3	ela	-3.456347319	14	212	1	208.2192098	215.966533	-3.0967022	1.680539422	0.771392919	3.712970349
3	ela	-3.094380632	15	214	1	210.7890626	217.3192018	-2.776309403	1.985527108	0.709679221	3.415921824
3	ela	-2.798979356	16	214	1	210.7890626	217.3192018	-2.51483661	2.388877209	0.646998221	3.114217349
3	ela	-2.553355735	17	216	1	213.6681062	219.0429259	-2.29742423	2.910516628	0.586158352	2.821374852
3	ela	-2.344973146	18	216	1	213.6681062	219.0429259	-2.112975542	3.553356045	0.530494196	2.55344478
3	ela	-2.164592037	19	218	1	215.8900279	220.9329026	-1.953312209	4.310102168	0.481677342	2.35909265
3	ela	-2.00545847	20	218	1	215.8900279	220.9329026	-1.812456018	5.164885383	0.440017203	2.683782043
3	ela	-1.8626131	21	220	2	217.6120876	223.9218684	-1.686017235	6.094064546	0.405085292	2.998114841
3	ela	-1.732370881	22	220	2	217.6120876	223.9218684	-1.570734061	7.068133858	0.376138352	3.311665979
3	ela	-1.611933469	23	222	2	219.0076164	226.5901789	-1.464129556	8.05475363	0.35234967	3.629271222
3	ela	-1.499134456	24	222	2	219.0076164	226.5901789	-1.364286138	9.021804783	0.332930273	3.953291353
3	ela	-1.392263918	25	224	2	219.9160214	228.4858218	-1.269690277	9.939848133	0.317183163	4.284900198
3	ela	-1.289921266	26	226	2	222.0918133	230.330746	-1.179102248	10.78388457	0.30451759	4.188687627
3	ela	-1.190958676	27	226	2	222.0918133	230.330746	-1.091506063	11.53369778	0.294452819	4.050245102
3	ela	-1.094381368	28	228	2	224.2780399	232.1626377	-1.006021197	12.17396603	0.286605128	3.942298878
3	ela	-0.999312507	29	230	2	226.3451891	234.0087382	-0.921871525	12.69341003	0.280679598	3.860792266
3	ela	-0.904956977	30	230	2	226.3451891	234.0087382	-0.838353253	13.08380555	0.276460417	3.802756773
3	ela	-0.810553187	31	232	2	228.358245	235.8906357	-0.754792264	13.3390683	0.273802401	3.766195334
3	ela	-0.715344325	32	234	2	230.347744	237.8517769	-0.67051867	13.45440203	0.272626332	3.750018315
3	ela	-0.618550504	33	234	2	230.347744	237.8517769	-0.584842159	13.42577149	0.272916865	3.754014654
3	ela	-0.519316861	34	236	2	232.3515648	239.9093194	-0.497006053	13.24968646	0.274724378	3.778877282
3	ela	-0.416671006	35	238	2	233.7160388	241.456837	-0.406149646	12.92320231	0.278172971	3.870399063
3	ela	-0.309476279	36	240	3	235.8444368	243.987285	-0.31126683	12.44423562	0.283475733	3.993183116
3	ela	-0.196301601	37	240	3	235.8444368	243.987285	-0.211090894	11.81184301	0.290965279	4.149665108
3	ela	-0.075345979	38	242	3	238.095115	246.7905298	-0.104027699	11.0272068	0.301139164	4.347707422
3	ela	0.055807443	39	244	3	239.7120343	248.9099559	0.012062021	10.09459947	0.314742546	4.598960789
3	ela	0.200489124	40	246	3	241.5459308	251.2941606	0.140126205	9.023334713	0.332902048	4.874114898
3	ela	0.363529715	41	248	3	243.5748076	254.0395326	0.284440676	7.830021326	0.357370358	5.232362493
3	ela	0.552162844	42	252	3	245.8448087	257.2931955	0.45140824	6.542293142	0.390962407	5.724193372
3	ela	0.77798174	43	254	3	248.4556289	260.9449148	0.651290577	5.201582683	0.438462289	6.244642992
3	ela	1.060806428	44	260	4	251.5702211	264.7154568	0.901631274	3.866473603	0.508560324	6.572617807
3	ela	1.437852086	45	264	4	255.4835038	269.9164622	1.235371137	2.615538298	0.618328776	7.216479197
3	ela	1.987606142	46	270	4	260.6123464	277.7553061	1.721982877	1.55359096	0.802290514	8.57147985
3	ela	2.908597814	47	280	4	268.4449578	280	2.537193526	0.775302954	1.135701713	10
3	ela	4	48	280	4	268.4449578	280	3.50324209	0.347889166	1.695428767	10
4	ela	-7.513579977	0	200	1	200	209.4294529	-8.425876304	0.245209363	2.019442425	9.698471823
4	ela	-7.299987701	1	200	1	200	209.4294529	-8.195454461	0.308977814	1.799021492	8.639889423
4	ela	-7.086395426	2	202	1	200	208.5195195	-7.965032618	0.385633153	1.610322342	7.733652453
4	ela	-6.872803151	3	202	1	200	208.5195195	-7.734610776	0.475565615	1.450089396	6.964125828
4	ela	-6.659210876	4	202	1	200	208.5195195	-7.504188933	0.57808885	1.31523302	6.316471432
4	ela	-6.4456186	5	202	1	200	208.5195195	-7.27376709	0.691287537	1.202736903	5.776203282
4	ela	-6.232026325	6	204	1	200.0728929	208.7374777	-7.043345248	0.812255658	1.109567244	5.328751403
4	ela	-6.01843405	7	204	1	200.0728929	208.7374777	-6.812923405	0.937828176	1.032614839	4.959183684
4	ela	-5.804841774	8	204	1	200.0728929	208.7374777	-6.582501562	1.065631553	0.968715981	4.652306265
4	ela	-5.591249499	9	204	1	200.0728929	208.7374777	-6.35207972	1.194967192	0.914791265	4.393330158
4	ela	-5.377657224	10	206	1	202.1016933	209.8708333	-6.121657877	1.327003906	0.868088293	4.169036833
4	ela	-5.164064948	11	206	1	202.1016933	209.8708333	-5.891236034	1.4641778	0.826424324	3.968943565
4	ela	-4.950472673	12	206	1	202.1016933	209.8708333	-5.660814192	1.609326174	0.78827538	3.785731382
4	ela	-4.736880398	13	206	1	202.1016933	209.8708333	-5.430392349	1.765349911	0.752635328	3.614568276
4	ela	-4.523288123	14	208	1	204.8595902	211.2772936	-5.199970506	1.935801959	0.71873623	3.451766186
4	ela	-4.309695847	15	208	1	204.8595902	211.2772936	-4.969548663	2.126055152	0.685824091	3.293704017
4	ela	-4.096103572	16	208	1	204.8595902	211.2772936	-4.739126821	2.344252102	0.653127309	3.136676105
4	ela	-3.850240139	17	208	1	204.8595902	211.2772936	-4.473891081	2.644479403	0.614935982	2.953260374
4	ela	-3.60492305	18	210	1	207.619596	212.6816449	-4.209244732	3.015742208	0.57584141	2.765506767
4	ela	-3.388585865	19	210	1	207.619596	212.6816449	-3.9758617	3.419604932	0.540769305	2.597071254
4	ela	-3.195674473	20	210	1	207.619596	212.6816449	-3.767750248	3.851687554	0.509535532	2.447069519
4	ela	-3.021709131	21	210	1	207.619596	212.6816449	-3.580077663	4.305741348	0.4819212	2.314450324
4	ela	-2.863145824	22	212	1	209.8611541	214.1544993	-3.409020684	4.774871388	0.457634925	2.197814293
4	ela	-2.717158699	23	212	1	209.8611541	214.1544993	-3.251530801	5.252372153	0.436337215	2.095530989
4	ela	-2.581511312	24	214	1	211.9951562	215.790004	-3.105195355	5.732097362	0.417679558	2.005926674
4	ela	-2.454424183	25	214	1	211.9951562	215.790004	-2.968094655	6.208691345	0.401328466	1.927399747
4	ela	-2.33445252	26	214	1	211.9951562	215.790004	-2.838670069	6.677703967	0.386978128	1.858481539
4	ela	-2.22042693	27	214	1	211.9951562	215.790004	-2.715660066	7.135403966	0.374361102	1.797887653
4	ela	-2.111397071	28	216	1	214.3271965	217.6860987	-2.598039422	7.578546842	0.363251177	1.74453169
4	ela	-2.006557502	29	216	1	214.3271965	217.6860987	-2.484939233	8.004246951	0.353459583	1.697507075
4	ela	-1.905231448	30	216	1	214.3271965	217.6860987	-2.375629399	8.409679263	0.344834162	1.656083066
4	ela	-1.806841157	31	216	1	214.3271965	217.6860987	-2.269486647	8.791922144	0.337254756	1.619682597
4	ela	-1.710882621	32	218	1	216.5397374	219.869296	-2.165967253	9.147879278	0.33062812	1.587857849
4	ela	-1.616913358	33	218	1	216.5397374	219.869296	-2.064593874	9.47424324	0.324883559	1.560269314
4	ela	-1.524526586	34	218	1	216.5397374	219.869296	-1.964927675	9.767584288	0.319967904	1.536661636
4	ela	-1.433353247	35	218	1	216.5397374	219.869296	-1.866570519	10.0243992	0.315842685	1.567625016
4	ela	-1.343048076	36	218	1	216.5397374	219.869296	-1.769149936	10.24126106	0.31248076	2.071482843
4	ela	-1.253281781	37	220	2	218.3386607	224.5351207	-1.672310689	10.41496793	0.309863935	2.580152474
4	ela	-1.163735519	38	220	2	218.3386607	224.5351207	-1.575708813	10.54269067	0.307981243	3.095422627
4	ela	-1.074095727	39	220	2	218.3386607	224.5351207	-1.479006036	10.6221116	0.306827704	3.619114992
4	ela	-0.98404935	40	222	2	219.210207	227.5164153	-1.381864638	10.65154227	0.306403522	4.153104155
4	ela	-0.893279525	41	224	2	219.6446441	229.0433215	-1.28394279	10.6300126	0.306713654	4.699338708
4	ela	-0.801461809	42	226	2	220.281149	230.6002657	-1.184890484	10.5573288	0.307767656	5.159558349
4	ela	-0.708257605	43	228	2	222.5874257	233.0107101	-1.084342445	10.43409612	0.309579777	5.189937591
4	ela	-0.613313593	44	228	2	222.5874257	233.0107101	-0.981917514	10.26171809	0.312169134	5.233346763
4	ela	-0.516256987	45	230	2	224.9318206	235.5122033	-0.87721353	10.04237297	0.315559912	5.290191319
4	ela	-0.416688018	46	232	2	226.5302649	237.2521988	-0.769799228	9.778963876	0.319781679	5.360966965
4	ela	-0.314175742	47	234	2	228.1635334	239.0560562	-0.659209707	9.475063696	0.324869493	5.446261411
4	ela	-0.208256232	48	236	2	229.8387303	240.7389671	-0.544944485	9.134867876	0.330863504	5.450118373
4	ela	-0.09841705	49	238	2	231.563691	242.2909201	-0.426450749	8.763107166	0.337808784	5.363614548
4	ela	0.01590148	50	240	3	234.2725426	244.7688508	-0.303124723	8.36502101	0.345753418	5.284343942
4	ela	0.135311707	51	240	3	234.2725426	244.7688508	-0.174305811	7.946325847	0.354745435	5.211964199
4	ela	0.260493532	52	242	3	237.1276626	247.4195613	-0.03926054	7.513159177	0.364828456	5.145949332
4	ela	0.392214042	53	244	3	239.14801	249.3189274	0.102838619	7.072010385	0.376035247	5.085458733
4	ela	0.531301251	54	246	3	241.0089963	251.3312363	0.25288492	6.629779386	0.38837428	5.161120005
4	ela	0.678684816	55	248	3	242.7889035	253.4685002	0.411881273	6.193516157	0.401819827	5.339798368
4	ela	0.835378092	56	250	3	244.6787878	255.7432213	0.580920876	5.770170039	0.416299313	5.532216786
4	ela	1.002468886	57	252	3	246.6946974	258.1682631	0.761177248	5.365993831	0.431692909	5.73678285
4	ela	1.181130202	58	254	3	248.8540703	260.7982019	0.953915818	4.985545837	0.44786141	5.972065764
4	ela	1.372609784	59	258	3	251.1747388	263.715973	1.160482643	4.630572331	0.464710691	6.27061713
4	ela	1.578245821	60	260	4	253.6738972	266.8421691	1.382321351	4.299246935	0.482285056	6.584135964
4	ela	1.799554657	61	264	4	256.3685008	270.2013954	1.621067766	3.986833034	0.500824973	6.916447292
4	ela	2.038335374	62	266	4	259.2781825	273.8233545	1.878662721	3.688966294	0.520652138	7.272585991
4	ela	2.296752566	63	270	4	262.562644	277.7385483	2.157441368	3.406860931	0.541779786	7.58795218
4	ela	2.577373328	64	274	4	266.1889601	280	2.460173071	3.149492361	0.563481576	7.891898818
4	ela	2.88336015	65	278	4	270.1761516	280	2.7902695	2.924223968	0.584782926	8.190237056
4	ela	3.219774602	66	280	4	270.5890007	280	3.153191042	2.713216179	0.6070966	8.502753507
4	ela	3.597987805	67	280	4	270.5890007	280	3.561204783	2.452160096	0.638595111	8.943909122
4	ela	4	68	280	4	270.5890007	280	3.994892708	2.090781673	0.691585147	9.686066489
4	ela	4	69	280	4	270.5890007	280	3.994892708	2.090781673	0.691585147	9.686066489
4	ela	4	70	280	4	270.5890007	280	3.994892708	2.090781673	0.691585147	9.686066489
4	ela	4	71	280	4	270.5890007	280	3.994892708	2.090781673	0.691585147	9.686066489
4	ela	4	72	280	4	270.5890007	280	3.994892708	2.090781673	0.691585147	9.686066489
5	ela	-6.195369729	0	200	1	200	209.4015944	-6.195369729	0.4060914	1.569235427	9.452012279
5	ela	-5.957640273	1	200	1	200	209.4015944	-5.957640273	0.499829789	1.414454339	8.519715752
5	ela	-5.719910816	2	202	1	200	209.3964451	-5.719910816	0.613787072	1.276412743	7.688246594
5	ela	-5.48218136	3	202	1	200	209.3964451	-5.48218136	0.751683853	1.153406487	6.947340144
5	ela	-5.244451903	4	204	1	200	209.8752385	-5.244451903	0.917918421	1.04375353	6.286864938
5	ela	-5.006722447	5	204	1	200	209.8752385	-5.006722447	1.117763747	0.945855928	5.697196032
5	ela	-4.76899299	6	204	1	200	209.8752385	-4.76899299	1.357482567	0.858287662	5.169744056
5	ela	-4.531263534	7	206	1	201.7495847	210.7223257	-4.531263534	1.644150489	0.779882575	4.697484871
5	ela	-4.293534077	8	206	1	201.7495847	210.7223257	-4.293534077	1.98494315	0.709783605	4.275256114
5	ela	-4.055804621	9	208	1	204.1985841	211.599169	-4.055804621	2.385729559	0.647424894	3.899649436
5	ela	-3.765329048	10	208	1	204.1985841	211.599169	-3.765329048	2.960084608	0.581229887	3.50093551
5	ela	-3.504903577	11	210	1	206.98365	212.9714066	-3.504903577	3.548142219	0.530883821	3.197684881
5	ela	-3.280568793	12	210	1	206.98365	212.9714066	-3.280568793	4.096759392	0.494060088	2.975883628
5	ela	-3.081587986	13	210	1	206.98365	212.9714066	-3.081587986	4.601057161	0.466198837	2.808066308
5	ela	-2.901157536	14	212	1	209.6464572	214.8982798	-2.901157536	5.059963337	0.444555835	2.677703511
5	ela	-2.734745421	15	212	1	209.6464572	214.8982798	-2.734745421	5.475390094	0.427358619	2.574119118
5	ela	-2.579181976	16	214	1	211.6979902	216.6083798	-2.579181976	5.85141392	0.41339916	2.490036785
5	ela	-2.432209751	17	214	1	211.6979902	216.6083798	-2.432209751	6.193198619	0.401830128	2.420352766
5	ela	-2.292146859	18	216	1	213.5082592	218.1803148	-2.292146859	6.50618684	0.392045736	2.361418208
5	ela	-2.157726939	19	216	1	213.5082592	218.1803148	-2.157726939	6.795301714	0.383615042	2.310637413
5	ela	-2.02796199	20	218	1	215.5543616	220.3985525	-2.02796199	7.064463342	0.376236055	2.26619139
5	ela	-1.902059001	21	218	1	215.5543616	220.3985525	-1.902059001	7.316264925	0.36970497	2.239442986
5	ela	-1.779356203	22	218	1	215.5543616	220.3985525	-1.779356203	7.551800821	0.363893867	2.760651983
5	ela	-1.659283658	23	220	2	217.4595154	224.5247281	-1.659283658	7.770577886	0.358734662	3.276373866
5	ela	-1.541324662	24	220	2	217.4595154	224.5247281	-1.541324662	7.970540287	0.354206168	3.788838875
5	ela	-1.42499546	25	222	2	218.5524809	227.1535056	-1.42499546	8.148193646	0.350323547	4.300512347
5	ela	-1.309824732	26	224	2	219.2654378	228.8936055	-1.309824732	8.298891496	0.347128248	4.814083881
5	ela	-1.195345954	27	226	2	219.9697355	230.6345399	-1.195345954	8.417272247	0.344678594	5.332402168
5	ela	-1.08107869	28	228	2	222.6190617	233.2689607	-1.08107869	8.49784772	0.343040604	5.330856311
5	ela	-0.966527068	29	228	2	222.6190617	233.2689607	-0.966527068	8.535637043	0.3422804	5.319042728
5	ela	-0.851172936	30	230	2	225.3048797	235.9484867	-0.851172936	8.526783217	0.342458058	5.321803538
5	ela	-0.734466829	31	232	2	227.1003831	237.7802127	-0.734466829	8.469041155	0.343623517	5.339914792
5	ela	-0.61583086	32	234	2	228.9099396	239.6578658	-0.61583086	8.362064935	0.345814526	5.373963111
5	ela	-0.494646328	33	236	2	230.7427639	241.463007	-0.494646328	8.207440649	0.349056817	5.360121564
5	ela	-0.370254036	34	238	2	232.6088508	243.3016054	-0.370254036	8.008468203	0.353366416	5.346377328
5	ela	-0.241931899	35	240	3	234.5192349	245.2117634	-0.241931899	7.769682235	0.358755338	5.346264274
5	ela	-0.108906055	36	242	3	236.4856956	247.2047625	-0.108906055	7.496260715	0.365239432	5.359533455
5	ela	0.029690213	37	244	3	238.5211767	249.2934672	0.029690213	7.193262356	0.372852492	5.386145251
5	ela	0.174837767	38	246	3	240.5881875	251.4928916	0.174837767	6.864930486	0.381664642	5.452352027
5	ela	0.32765406	39	248	3	242.6264224	253.8208364	0.32765406	6.514201385	0.391804491	5.597207015
5	ela	0.489479302	40	250	3	244.7713382	256.299499	0.489479302	6.142481468	0.40348563	5.764080435
5	ela	0.661946136	41	252	3	247.0417445	258.9567166	0.661946136	5.750132475	0.417024024	5.95748606
5	ela	0.847072298	42	256	3	249.4605709	261.3842493	0.847072298	5.337779237	0.432832333	5.961839168
5	ela	1.047405591	43	258	3	252.057624	263.7530033	1.047405591	4.908298243	0.45137191	5.847689618
5	ela	1.266161997	44	262	4	254.8731713	266.355	1.266161997	4.468937224	0.473040008	5.740914386
5	ela	1.507361274	45	264	4	257.9620653	269.2356924	1.507361274	4.031922551	0.498016704	5.636813554
5	ela	1.776033917	46	266	4	261.0582838	272.4489438	1.776033917	3.610923385	0.52624849	5.695329983
5	ela	2.07871361	47	270	4	263.990391	276.0683451	2.07871361	3.211658041	0.55800148	6.03897706
5	ela	2.425059053	48	274	4	267.3339535	280	2.425059053	2.820848626	0.595401753	6.443741921
5	ela	2.832348885	49	278	4	271.2030893	280	2.832348885	2.402335064	0.645183437	6.982504732
5	ela	3.340164333	50	280	4	270.7853734	280	3.340164333	1.883868277	0.728575786	7.88501933
5	ela	4	51	280	4	270.7853734	280	4	1.200030444	0.91285935	9.87943019
5	ela	4	52	280	4	270.7853734	280	4	1.200030444	0.91285935	9.87943019
6	ela	-6.735732543	0	200	1	200	210.4225674	-7.795515699	0.13669349	2.704743492	10
6	ela	-6.443925596	1	200	1	200	210.4225674	-7.454411665	0.181470282	2.347454822	10
6	ela	-6.152118648	2	202	1	200	212.064722	-7.113307632	0.242880366	2.029101611	10
6	ela	-5.860311701	3	202	1	200	212.064722	-6.772203598	0.327419131	1.747623897	9.90376995
6	ela	-5.568504754	4	204	1	200	211.703563	-6.431099564	0.443854287	1.500996884	8.506136741
6	ela	-5.276697806	5	204	1	200	211.703563	-6.08999553	0.603505462	1.287239618	7.294776106
6	ela	-4.984890859	6	206	1	200.8734662	211.3543988	-5.748891496	0.819843598	1.104420591	6.258742218
6	ela	-4.693083912	7	206	1	200.8734662	211.3543988	-5.407787462	1.106543166	0.950639422	5.387265621
6	ela	-4.401276965	8	206	1	200.8734662	211.3543988	-5.066683429	1.472959614	0.823957062	4.669357752
6	ela	-4.109470017	9	208	1	204.1981636	211.8593976	-4.725579395	1.917034274	0.72224586	4.092961227
6	ela	-3.759981072	10	208	1	204.1981636	211.8593976	-4.31704872	2.522255311	0.62965909	3.568272777
6	ela	-3.445763043	11	210	1	206.601506	212.8365943	-3.949747536	3.087502636	0.56911015	3.225142444
6	ela	-3.184461733	12	210	1	206.601506	212.8365943	-3.644302681	3.544767658	0.531136458	3.009945846
6	ela	-2.957168023	13	212	1	208.8397203	214.4360396	-3.378610578	3.931896204	0.504311623	2.857929735
6	ela	-2.753999231	14	212	1	208.8397203	214.4360396	-3.141118993	4.282670487	0.483217517	2.738389614
6	ela	-2.569164093	15	214	1	211.15457	216.3320557	-2.9250583	4.622972862	0.465092491	2.635675243
6	ela	-2.398951813	16	214	1	211.15457	216.3320557	-2.726090812	4.970714215	0.448529077	2.541810515
6	ela	-2.240755948	17	216	1	213.5763415	218.3146795	-2.54116976	5.337032464	0.432862614	2.453028799
6	ela	-2.09262437	18	216	1	213.5763415	218.3146795	-2.368013228	5.727421045	0.417850037	2.367952649
6	ela	-1.95299105	19	216	1	213.5763415	218.3146795	-2.204790629	6.142611363	0.403481364	2.286525504
6	ela	-1.820553361	20	218	1	216.0703571	221.3307633	-2.049979271	6.579071863	0.389868085	2.209379165
6	ela	-1.694200081	21	218	1	216.0703571	221.3307633	-1.902280204	7.029460207	0.377171624	2.530947442
6	ela	-1.572935273	22	218	1	216.0703571	221.3307633	-1.760529244	7.483468449	0.365551469	3.150282703
6	ela	-1.455885139	23	220	2	217.905264	226.0217172	-1.623704972	7.928877763	0.355135542	3.757629561
6	ela	-1.342257436	24	220	2	217.905264	226.0217172	-1.490881309	8.353194335	0.345998095	4.358823665
6	ela	-1.231341189	25	222	2	218.9261357	228.8430922	-1.361227167	8.74525443	0.338153413	4.958478246
6	ela	-1.122494194	26	224	2	219.5803406	230.7005433	-1.233991851	9.096578721	0.331559105	5.560101386
6	ela	-1.015135642	27	226	2	220.7036454	232.5520988	-1.108496432	9.402038267	0.32612868	5.924226704
6	ela	-0.908743059	28	228	2	222.7158272	234.4052243	-0.98413017	9.659644042	0.321750654	5.844698531
6	ela	-0.802844589	29	230	2	224.7019896	236.2664177	-0.860341495	9.869542587	0.318310883	5.782214041
6	ela	-0.697003554	30	232	2	226.6717788	238.1418977	-0.736619959	10.0325077	0.315715024	5.735059471
6	ela	-0.590806523	31	234	2	228.6337094	240.0251497	-0.612482284	10.1483596	0.313907778	5.69572016
6	ela	-0.483839916	32	236	2	230.5953712	241.2931775	-0.487445025	10.21482188	0.312884897	5.348903141
6	ela	-0.375672828	33	238	2	232.5636838	242.5855602	-0.361004477	10.2271421	0.312696381	5.010938208
6	ela	-0.26582792	34	240	3	234.5455192	243.909196	-0.232602665	10.17859186	0.313441249	4.681838435
6	ela	-0.153759378	35	242	3	237.5644112	245.9783393	-0.101601562	10.06164679	0.315257528	4.36199241
6	ela	-0.03882954	36	242	3	237.5644112	245.9783393	0.032744216	9.86948067	0.318311881	4.051935666
6	ela	0.079721652	37	244	3	240.4300242	248.1569693	0.17132313	9.597352172	0.322793131	3.863472542
6	ela	0.202803753	38	246	3	241.8299531	249.7033504	0.315198392	9.243634216	0.328911171	3.936698638
6	ela	0.331496108	39	248	3	244.0257141	252.2114419	0.465631691	8.810490456	0.336899183	4.032306197
6	ela	0.467118283	40	248	3	244.0257141	252.2114419	0.624165513	8.304147524	0.347018375	4.153421607
6	ela	0.611252811	41	250	3	246.3518887	254.958771	0.792649744	7.735267766	0.359552509	4.303441165
6	ela	0.765835579	42	252	3	248.0197219	256.9913034	0.973347311	7.119165169	0.374787817	4.485790752
6	ela	0.933182943	43	254	3	249.8052877	259.2116588	1.168965893	6.476238963	0.392951153	4.703185554
6	ela	1.116073771	44	256	3	251.7411447	261.7185934	1.382753809	5.831592373	0.414101135	4.988724345
6	ela	1.317755861	45	260	4	253.8691488	264.5241834	1.618507533	5.212842749	0.43798848	5.327517282
6	ela	1.542031197	46	262	4	256.241049	267.6383427	1.880671345	4.642935701	0.464091555	5.698646851
6	ela	1.793678462	47	264	4	258.9149007	271.119614	2.174831227	4.125460119	0.492338506	6.102356649
6	ela	2.080195585	48	268	4	262.0273255	275.0919676	2.509751788	3.625374358	0.525198613	6.532321059
6	ela	2.417239947	49	272	4	265.6403496	279.8631316	2.903735524	3.058995135	0.571755837	7.111391005
6	ela	2.845331146	50	278	4	269.8901531	280	3.404147308	2.308518107	0.658162839	8.186104957
6	ela	3.508285532	51	280	4	270	280	4.179099438	1.261952891	0.890181222	10
6	ela	4	52	280	4	270	280	4.753882835	0.732357342	1.168526269	10
7	ela	-6.297971484	0	200	1	200	209.6008337	-6.92364469	0.390034359	1.601211006	9.855477172
7	ela	-6.11366572	1	200	1	200	209.6008337	-6.715390504	0.496574204	1.419083408	8.73447914
7	ela	-5.929359957	2	202	1	200	208.7612207	-6.507136319	0.631503944	1.258380461	7.745350148
7	ela	-5.745054194	3	202	1	200	208.7612207	-6.298882133	0.799172766	1.118612485	6.885076211
7	ela	-5.56074843	4	202	1	200	208.7612207	-6.090627948	1.002336985	0.998833551	6.147835124
7	ela	-5.376442667	5	204	1	200.168683	208.8072199	-5.882373762	1.241051558	0.897645975	5.525024112
7	ela	-5.192136904	6	204	1	200.168683	208.8072199	-5.674119576	1.512138708	0.81321276	5.005336439
7	ela	-5.007831141	7	204	1	200.168683	208.8072199	-5.465865391	1.80993266	0.743307974	4.575071453
7	ela	-4.823525377	8	204	1	200.168683	208.8072199	-5.257611205	2.128373863	0.685450411	4.218957312
7	ela	-4.639219614	9	206	1	202.4373788	209.7968446	-5.049357019	2.463420666	0.637133895	3.921568445
7	ela	-4.454913851	10	206	1	202.4373788	209.7968446	-4.841102834	2.814494766	0.596073449	3.668840799
7	ela	-4.270608088	11	206	1	202.4373788	209.7968446	-4.632848648	3.185112592	0.560321911	3.44878956
7	ela	-4.086302324	12	208	1	204.9120446	210.9924458	-4.424594463	3.584065613	0.528216574	3.251180742
7	ela	-3.872630723	13	208	1	204.9120446	210.9924458	-4.183158685	4.10303632	0.49368203	3.038620119
7	ela	-3.655122539	14	208	1	204.9120446	210.9924458	-3.937387804	4.727586769	0.459917829	2.830800968
7	ela	-3.461423104	15	210	1	207.2861708	212.2885866	-3.718519346	5.394145027	0.430564967	2.650133673
7	ela	-3.287335625	16	210	1	207.2861708	212.2885866	-3.521811195	6.092839359	0.405126019	2.493556573
7	ela	-3.129542776	17	210	1	207.2861708	212.2885866	-3.343514973	6.802344781	0.383416395	2.359933522
7	ela	-2.985285944	18	212	1	209.6778452	213.9955854	-3.180513618	7.499977308	0.365148924	2.24749697
7	ela	-2.85220341	19	212	1	209.6778452	213.9955854	-3.030138534	8.167915177	0.349900361	2.153641841
7	ela	-2.728356459	20	212	1	209.6778452	213.9955854	-2.89019909	8.794773488	0.337200081	2.075471434
7	ela	-2.612147649	21	214	1	212.0404824	215.9568405	-2.758890277	9.375220083	0.326594799	2.010195766
7	ela	-2.502273651	22	214	1	212.0404824	215.9568405	-2.634739411	9.908337158	0.317687123	1.955368891
7	ela	-2.397675841	23	214	1	212.0404824	215.9568405	-2.516550314	10.39582177	0.310149144	1.908972522
7	ela	-2.297486809	24	216	1	214.3196554	217.9657055	-2.403342866	10.84050489	0.303721296	1.869409024
7	ela	-2.200985983	25	216	1	214.3196554	217.9657055	-2.294302863	11.24527873	0.298204977	1.835455997
7	ela	-2.107574982	26	216	1	214.3196554	217.9657055	-2.188754172	11.61238345	0.293453515	1.806210679
7	ela	-2.016733951	27	216	1	214.3196554	217.9657055	-2.08610939	11.94313517	0.289361553	1.781024591
7	ela	-1.928014911	28	218	1	216.334418	220.024354	-1.985862327	12.23777571	0.28585695	1.759453709
7	ela	-1.841023105	29	218	1	216.334418	220.024354	-1.887566933	12.49557564	0.282892782	1.74120921
7	ela	-1.75540365	30	218	1	216.334418	220.024354	-1.79082221	12.71505741	0.280440567	2.034240999
7	ela	-1.670826312	31	220	2	217.9360819	223.8460463	-1.695255017	12.89431392	0.278484405	2.493316974
7	ela	-1.586992728	32	220	2	217.9360819	223.8460463	-1.600528219	13.03133643	0.277016426	2.953940426
7	ela	-1.503616983	33	220	2	217.9360819	223.8460463	-1.506318751	13.12443087	0.276032209	3.417689258
7	ela	-1.420431554	34	222	2	218.9723655	226.7444391	-1.412324329	13.17257084	0.275527358	3.886036804
7	ela	-1.33718158	35	224	2	219.74081	228.942996	-1.318256974	13.17573136	0.275494311	4.360346621
7	ela	-1.25362517	36	224	2	219.74081	228.942996	-1.223843366	13.13513766	0.275919685	4.841839349
7	ela	-1.169534522	37	226	2	221.4518598	231.1720376	-1.128826102	13.05341397	0.276782065	4.860088929
7	ela	-1.084692217	38	228	2	222.9193576	232.6840764	-1.032959511	12.93460165	0.278050366	4.882359366
7	ela	-0.998905013	39	230	2	225.1430617	234.9992355	-0.936025242	12.78406255	0.27968267	4.911021418
7	ela	-0.911991164	40	230	2	225.1430617	234.9992355	-0.837817935	12.60820257	0.281626431	4.945152428
7	ela	-0.823796417	41	232	2	227.3991906	237.3665191	-0.738163291	12.41409286	0.283819679	4.983664258
7	ela	-0.734190816	42	234	2	228.9308985	238.9816277	-0.636914469	12.20892387	0.286194516	5.025364629
7	ela	-0.643069095	43	236	2	230.4872334	240.3850148	-0.533952525	11.99934912	0.288682964	4.948890709
7	ela	-0.550351289	44	238	2	232.8768547	241.9388295	-0.429187101	11.79076866	0.291225192	4.672101493
7	ela	-0.455970106	45	238	2	232.8768547	241.9388295	-0.322542165	11.58661405	0.293779664	4.389873338
7	ela	-0.359880244	46	240	3	235.3255009	243.5292133	-0.213966527	11.38784364	0.296332478	4.101856201
7	ela	-0.262016073	47	242	3	237.8509179	245.1683474	-0.103386028	11.1926417	0.298905358	3.808136781
7	ela	-0.162302018	48	242	3	237.8509179	245.1683474	0.009284726	10.99666906	0.301557006	3.509292765
7	ela	-0.06061624	49	244	3	240.8148427	247.4296043	0.124183406	10.79369518	0.304379168	3.290585598
7	ela	0.043227581	50	244	3	240.8148427	247.4296043	0.241520542	10.57665948	0.307486278	3.324175974
7	ela	0.149480911	51	246	3	242.4700544	249.1943977	0.361580274	10.33895823	0.311000874	3.362171612
7	ela	0.258495913	52	248	3	244.1863146	251.0483262	0.484760528	10.07559286	0.315039272	3.405829965
7	ela	0.370708366	53	248	3	244.1863146	251.0483262	0.611553703	9.784157292	0.319696798	3.456181604
7	ela	0.486660723	54	250	3	246.5812492	253.674303	0.74257274	9.465367776	0.325035842	3.513900993
7	ela	0.606977854	55	250	3	246.5812492	253.674303	0.878523704	9.123385767	0.33107164	3.579152869
7	ela	0.732373569	56	252	3	248.482344	255.7851927	1.020213155	8.765807359	0.337756751	3.65142434
7	ela	0.863618462	57	254	3	249.8233031	257.2819609	1.168511819	8.403402318	0.344962925	3.729328921
7	ela	1.001496137	58	256	3	251.977096	259.7308344	1.324305118	8.049011357	0.352475333	3.810544144
7	ela	1.146776021	59	256	3	251.977096	259.7308344	1.488462458	7.71458943	0.360034063	3.943194239
7	ela	1.300169445	60	258	3	254.2995239	262.6965315	1.6617876	7.405794028	0.367463482	4.198503792
7	ela	1.462437163	61	260	4	255.9733238	264.9005438	1.845140149	7.114726327	0.374904713	4.463610033
7	ela	1.634588603	62	262	4	257.7461389	267.2423293	2.039660696	6.814625614	0.383070757	4.748095231
7	ela	1.818379104	63	264	4	259.6211327	269.7636809	2.247332668	6.460670337	0.393424326	5.071274086
7	ela	2.017062787	64	268	4	261.9319907	272.5371726	2.471833018	5.99849504	0.4082995	5.302590908
7	ela	2.236577335	65	270	4	264.4850517	275.6857882	2.719870967	5.377561474	0.431228353	5.600368226
7	ela	2.487810597	66	274	4	267.2704107	279.4259685	3.003749113	4.565924821	0.467988975	6.077778894
7	ela	2.791617165	67	278	4	270.4170895	280	3.347031865	3.566695117	0.52950127	6.876639875
7	ela	3.191075247	68	280	4	270.3413672	280	3.798394947	2.452325028	0.638573636	8.29316411
7	ela	3.76796633	69	280	4	270.3413672	280	4.450246418	1.512615605	0.813084555	10
7	ela	4	70	280	4	270.3413672	280	4.712430204	1.343985847	0.862586491	10
7	ela	4	71	280	4	270.3413672	280	4.712430204	1.343985847	0.862586491	10
7	ela	4	72	280	4	270.3413672	280	4.712430204	1.343985847	0.862586491	10
8	ela	-6.765541598	0	200	1	200	210.4744217	-7.913143865	0.140374641	2.669043616	10
8	ela	-6.452746885	1	200	1	200	210.4744217	-7.521922489	0.18113321	2.349638002	10
8	ela	-6.139952172	2	202	1	200	212.3721084	-7.130701112	0.23770891	2.051054827	10
8	ela	-5.827157458	3	202	1	200	212.3721084	-6.739479736	0.317463548	1.774814904	10
8	ela	-5.514362745	4	204	1	200	213.3389422	-6.34825836	0.431116756	1.523009277	9.792770663
8	ela	-5.201568031	5	204	1	200	213.3389422	-5.957036983	0.593606836	1.297927856	8.345523578
8	ela	-4.888773318	6	206	1	200.3144916	212.7154358	-5.565815607	0.824087072	1.101573423	7.082987649
8	ela	-4.575978604	7	206	1	200.3144916	212.7154358	-5.174594231	1.143497361	0.935152452	6.012920362
8	ela	-4.263183891	8	208	1	203.3005905	212.8297465	-4.783372854	1.56781346	0.798643214	5.135182004
8	ela	-3.926566678	9	208	1	203.3005905	212.8297465	-4.362355991	2.141367063	0.683367689	4.39397393
8	ela	-3.54554142	10	210	1	206.3598323	213.5658781	-3.885796703	2.897840145	0.587439016	3.777163835
8	ela	-3.25197169	11	210	1	206.3598323	213.5658781	-3.518620568	3.516422029	0.533272887	3.428881994
8	ela	-3.0086085	12	212	1	208.9412009	215.1638083	-3.214239202	4.041860997	0.497404046	3.198249556
8	ela	-2.79838634	13	212	1	208.9412009	215.1638083	-2.951308279	4.52001337	0.470359739	3.024357841
8	ela	-2.61214979	14	214	1	211.6424471	217.2690545	-2.718376851	4.988644995	0.447722273	2.8788016
8	ela	-2.44437604	15	214	1	211.6424471	217.2690545	-2.50853738	5.475628907	0.427349299	2.747805771
8	ela	-2.291390919	16	216	1	213.8647059	218.9983686	-2.317194473	5.999423934	0.40826789	2.625114552
8	ela	-2.150571128	17	216	1	213.8647059	218.9983686	-2.141067095	6.569936315	0.390139048	2.508548229
8	ela	-2.019910868	18	218	1	215.7708297	221.3995606	-1.977646537	7.189694232	0.372945	2.521775898
8	ela	-1.897818527	19	218	1	215.7708297	221.3995606	-1.824942123	7.855110549	0.356799181	3.106954962
8	ela	-1.782973849	20	220	2	217.4434029	225.293659	-1.681302569	8.558062903	0.341831643	3.66023964
8	ela	-1.674279195	21	220	2	217.4434029	225.293659	-1.545355028	9.287194367	0.328138911	4.190016493
8	ela	-1.570791185	22	222	2	218.5818415	227.9878538	-1.415919586	10.02925199	0.315766264	4.703006147
8	ela	-1.471708222	23	224	2	219.289987	229.6988825	-1.291993666	10.76986507	0.304715726	5.204447752
8	ela	-1.376314648	24	226	2	219.9661125	231.3632852	-1.172682169	11.49440515	0.29495567	5.698586352
8	ela	-1.283978185	25	228	2	221.8578234	232.9923929	-1.057194289	12.18827863	0.2864368	5.56728474
8	ela	-1.194132061	26	230	2	224.6609405	235.389849	-0.944821149	12.83721076	0.279103103	5.424744463
8	ela	-1.10625482	27	230	2	224.6609405	235.389849	-0.834910548	13.42750567	0.272899241	5.304164061
8	ela	-1.01985738	28	232	2	227.3540688	237.7632343	-0.726850775	13.94624873	0.267775782	5.204582745
8	ela	-0.93447805	29	234	2	229.0928912	239.3433362	-0.620064383	14.38148721	0.263692696	5.125222466
8	ela	-0.849656413	30	236	2	230.8012266	240.5253458	-0.513975513	14.72254589	0.260620481	4.862059601
8	ela	-0.764939016	31	238	2	232.4882142	241.4304857	-0.40801702	14.96017162	0.258542362	4.471135747
8	ela	-0.679860512	32	240	3	234.998882	242.8205733	-0.301606879	15.08679418	0.257455111	4.09373603
8	ela	-0.593928671	33	240	3	234.998882	242.8205733	-0.194129445	15.09668591	0.257370751	3.727955263
8	ela	-0.506624077	34	242	3	238.3608869	244.7572485	-0.08493507	14.98606112	0.25831894	3.372040845
8	ela	-0.417371503	35	242	3	238.3608869	244.7572485	0.026695701	14.7531276	0.260350221	3.024320811
8	ela	-0.325525247	36	244	3	241.021801	246.8437097	0.141570464	14.39805662	0.263540922	2.886538031
8	ela	-0.230353634	37	244	3	241.021801	246.8437097	0.260604348	13.92299112	0.267999341	2.935370662
8	ela	-0.130979586	38	246	3	243.0744945	249.156087	0.384894338	13.33190819	0.273875916	2.999736209
8	ela	-0.026368321	39	246	3	243.0744945	249.156087	0.515734665	12.63088188	0.281373481	3.081856306
8	ela	0.084742465	40	248	3	244.7204952	251.0898545	0.654704133	11.82842575	0.290761249	3.184679618
8	ela	0.20393394	41	250	3	246.5282107	253.30898	0.80378035	10.93620262	0.302389513	3.312042862
8	ela	0.333201572	42	250	3	246.5282107	253.30898	0.965459109	9.970531863	0.31669473	3.468726511
8	ela	0.475088996	43	252	3	248.5203938	255.840811	1.142921806	8.954611972	0.334177045	3.660208597
8	ela	0.632819311	44	254	3	250.0165943	257.7998199	1.340199663	7.921349899	0.355304249	3.891612806
8	ela	0.810408497	45	256	3	251.6880975	260.0187045	1.562315584	6.914824646	0.380285192	4.16530346
8	ela	1.012676789	46	258	3	253.5917881	262.5667954	1.815298374	5.985381311	0.408746539	4.487503694
8	ela	1.245198065	47	260	4	255.798105	265.4779585	2.106119446	5.169257573	0.439831079	4.839926761
8	ela	1.515254692	48	264	4	258.3802808	268.839202	2.443887064	4.448318478	0.474135052	5.229460603
8	ela	1.836552378	49	268	4	261.4220954	272.8805524	2.845743354	3.715615803	0.518781642	5.729228514
8	ela	2.24607273	50	272	4	265.0627081	278.2851158	3.357942277	2.790371272	0.59864451	6.611203864
8	ela	2.884403964	51	278	4	269.6621885	280	4.156321577	1.485424065	0.820492796	9.061212544
8	ela	4	52	280	4	270	280	5.551629738	0.351681906	1.686261746	10
10	ela	-75.58668801	0	200	1	200	210.381508	-122.7721547	9.48E-93	4.472135955	10
10	ela	-69.47608109	1	200	1	200	210.381508	-112.9170782	3.64E-85	4.472135955	10
10	ela	-63.36547417	2	202	1	200	211.9075402	-103.0620016	1.40E-77	4.472135955	10
10	ela	-57.25486726	3	202	1	200	211.9075402	-93.20692502	5.42E-70	4.472135955	10
10	ela	-51.14426034	4	204	1	200	213.8150804	-83.35184845	2.10E-62	4.472135955	10
10	ela	-45.03365342	5	204	1	200	213.8150804	-73.49677188	8.24E-55	4.472135955	10
10	ela	-38.9230465	6	204	1	200	213.8150804	-63.64169531	3.26E-47	4.472135955	10
10	ela	-32.81243959	7	206	1	200	216.1041286	-53.78661874	2.76E-29	4.472135955	10
10	ela	-26.70183267	8	206	1	200	216.1041286	-43.93154217	8.27E-24	4.472135955	10
10	ela	-20.59122575	9	206	1	200	216.1041286	-34.0764656	2.49E-18	4.472135955	10
10	ela	-14.48061883	10	208	1	200	218.0116687	-24.22138903	7.68E-13	4.472135955	10
10	ela	-8.370011918	11	208	1	200	218.0116687	-14.36631246	2.66E-07	4.472135955	10
10	ela	-2.747577123	12	210	1	205.2706245	214.9918189	-5.298551074	0.757012766	1.149339674	4.860597206
10	ela	-2.06631245	13	214	1	211.7703961	215.4621685	-4.199819703	4.276734164	0.483552766	2.044961362
10	ela	-1.780682843	14	214	1	211.7703961	215.4621685	-3.739161428	6.594698071	0.389405913	1.646811065
10	ela	-1.574517514	15	216	1	214.7444742	217.425361	-3.406661706	8.206337108	0.349080286	1.476272596
10	ela	-1.404124159	16	216	1	214.7444742	217.425361	-3.131854376	9.491078897	0.324595286	1.372724683
10	ela	-1.255937274	17	216	1	214.7444742	217.425361	-2.892861243	10.70436287	0.305646614	1.292590094
10	ela	-1.124471788	18	216	1	214.7444742	217.425361	-2.680836079	12.01241311	0.288525944	1.220186189
10	ela	-1.0068797	19	218	1	217.0568482	219.1891373	-2.491185682	13.46825535	0.272486085	1.152353072
10	ela	-0.901106233	20	218	1	217.0568482	219.1891373	-2.320596143	15.04676819	0.257797312	1.090233743
10	ela	-0.805364294	21	218	1	217.0568482	219.1891373	-2.166185272	16.69423433	0.244746645	1.035042022
10	ela	-0.71800276	22	218	1	217.0568482	219.1891373	-2.025290166	18.36084814	0.233374624	0.98694935
10	ela	-0.637625032	23	220	2	218.6120449	222.3938632	-1.895658417	20.01084486	0.223546198	0.945384597
10	ela	-0.563036847	24	220	2	218.6120449	222.3938632	-1.775363939	21.62416246	0.215045497	1.597034464
10	ela	-0.493255889	25	220	2	218.6120449	222.3938632	-1.662822467	23.19240636	0.207647685	2.215582323
10	ela	-0.427478089	26	220	2	218.6120449	222.3938632	-1.556737219	24.71458971	0.20115151	2.805635257
10	ela	-0.365049601	27	222	2	219.5176747	226.8065543	-1.45605368	26.19309346	0.195391921	3.371586969
10	ela	-0.305419804	28	222	2	219.5176747	226.8065543	-1.35988382	27.63083226	0.190240517	3.917292618
10	ela	-0.248134198	29	224	2	219.916524	228.808782	-1.267494627	29.02836259	0.185604598	4.446129004
10	ela	-0.192816857	30	226	2	221.7164963	230.7159175	-1.178279819	30.38216792	0.18142228	4.546924306
10	ela	-0.139129833	31	226	2	221.7164963	230.7159175	-1.091694355	31.68450802	0.177654624	4.452496844
10	ela	-0.086798113	32	228	2	223.8325773	232.5685198	-1.007294702	32.92264132	0.174282052	4.367971228
10	ela	-0.035560257	33	230	2	225.855386	234.3763774	-0.924659212	34.08072729	0.17129535	4.293116533
10	ela	0.014807619	34	230	2	225.855386	234.3763774	-0.84342681	35.14066333	0.168692208	4.227874884
10	ela	0.064510206	35	232	2	227.8205149	236.1649591	-0.763267375	36.08439061	0.166471661	4.172222075
10	ela	0.113735543	36	234	2	229.7318306	237.9471822	-0.68387764	36.89593384	0.16463067	4.126081964
10	ela	0.162657069	37	234	2	229.7318306	237.9471822	-0.604977885	37.56321114	0.163161859	4.089269644
10	ela	0.211435192	38	236	2	232.2345545	240.2267948	-0.526309409	38.07932061	0.162052377	4.06146307
10	ela	0.26021841	39	236	2	232.2345545	240.2267948	-0.447632715	38.44312066	0.161283776	3.930777198
10	ela	0.309145027	40	238	2	234.0930415	241.6439331	-0.368724749	38.65907318	0.160832673	3.77544582
10	ela	0.35834143	41	240	3	235.9501255	243.0564902	-0.289381678	38.73643632	0.160671988	3.625728658
10	ela	0.407923013	42	240	3	235.9501255	243.0564902	-0.209417397	38.68804446	0.160772443	3.480636073
10	ela	0.457995402	43	242	3	238.4449535	244.9846466	-0.128661551	38.52883502	0.161104274	3.339196712
10	ela	0.508655261	44	242	3	238.4449535	244.9846466	-0.046958245	38.27429049	0.161639101	3.200496426
10	ela	0.559991887	45	244	3	240.7505968	246.9757528	0.035836539	37.93891265	0.162351969	3.10424415
10	ela	0.612096202	46	244	3	240.7505968	246.9757528	0.119869438	37.53475803	0.163223689	3.12091184
10	ela	0.6650489	47	246	3	242.737434	249.0405252	0.205270594	37.07034198	0.164242937	3.140400334
10	ela	0.718938365	48	246	3	242.737434	249.0405252	0.292182551	36.54964121	0.165408735	3.162690923
10	ela	0.773878363	49	248	3	244.7885973	251.1934532	0.380788788	35.97141245	0.166732881	3.188009197
10	ela	0.829982881	50	248	3	244.7885973	251.1934532	0.471273142	35.32937054	0.168241081	3.216846673
10	ela	0.887427596	51	250	3	246.9202609	253.4589752	0.563918942	34.61179524	0.16997613	3.250021606
10	ela	0.946406451	52	250	3	246.9202609	253.4589752	0.659038976	33.80259512	0.171998626	3.288692662
10	ela	1.007187491	53	252	3	248.5811968	255.2500648	0.75706554	32.88155635	0.174390899	3.334434021
10	ela	1.070113618	54	254	3	250.3228038	257.1679387	0.858551661	31.82581898	0.17725978	3.389288336
10	ela	1.135652214	55	254	3	250.3228038	257.1679387	0.964251127	30.61171879	0.180740776	3.455846577
10	ela	1.204359439	56	256	3	252.148469	259.2228289	1.0750609	29.22014123	0.184994512	3.53717996
10	ela	1.276975514	57	258	3	254.1173087	261.0071572	1.192174796	27.64245589	0.190200515	3.518099745
10	ela	1.354421571	58	258	3	254.1173087	261.0071572	1.317078399	25.89164433	0.196526076	3.371748685
10	ela	1.437791693	59	260	4	256.2473529	262.6986857	1.451536227	24.01623595	0.204055135	3.225666398
10	ela	1.528326058	60	262	4	258.6717316	264.6498955	1.597548417	22.1121345	0.21265944	3.073852719
10	ela	1.627222299	61	262	4	258.6717316	264.6498955	1.75704649	20.3224433	0.221825791	2.904311151
10	ela	1.735326227	62	264	4	260.9516596	266.8273526	1.931394555	18.80193216	0.230620951	2.937846514
10	ela	1.852862269	63	266	4	262.3529515	268.4206095	2.120954562	17.63106296	0.238155575	3.033828977
10	ela	1.97963419	64	268	4	264.7102567	271.0314652	2.325410029	16.71848146	0.2445691	3.115529941
10	ela	2.116090977	65	268	4	264.7102567	271.0314652	2.545485071	15.79140446	0.251645762	3.205678502
10	ela	2.264978174	66	270	4	267.2924446	273.9808847	2.785607656	14.51011972	0.262521273	3.344220043
10	ela	2.433670153	67	272	4	269.1958014	276.3754127	3.057671036	12.5926987	0.281799744	3.589805652
10	ela	2.639249926	68	276	4	271.3452451	279.4636702	3.389226384	9.848658876	0.318648187	4.059212578
10	ela	2.925224623	69	280	4	273.338447	280	3.850441216	6.34544815	0.396980204	5.057072657
10	ela	3.37361291	70	280	4	273.338447	280	4.573593754	3.887929907	0.507155088	6.460574366
10	ela	3.907602665	71	280	4	273.338447	280	5.434802794	3.33747522	0.547382584	6.973026542
10	ela	4	72	280	4	273.338447	280	5.583819549	3.127775392	0.565434392	7.20298589
