Grade	Subject	theta	RawScore	scaledscore	perflevel	LowScaledScore	HighScaledScore	GrowthTheta	Information	StandardErrorTheta	StandardErrorScaleScore
4	mat	-8.337833191	0	200	1	200	210.4181469	-5.768501946	0.00603907	4.472135955	10
4	mat	-7.750904085	1	200	1	200	210.4181469	-5.371831204	0.010454751	4.472135955	10
4	mat	-7.163974978	2	202	1	200	212.0907346	-4.975160462	0.018646301	4.472135955	10
4	mat	-6.577045872	3	202	1	200	212.0907346	-4.57848972	0.034401318	4.472135955	10
4	mat	-5.990116765	4	204	1	200	213.7633223	-4.181818978	0.065922043	3.894795611	10
4	mat	-5.403187659	5	204	1	200	213.7633223	-3.785148236	0.131632402	2.75624994	10
4	mat	-4.816258552	6	206	1	200.6679121	213.2647702	-3.388477494	0.273860465	1.910888422	10
4	mat	-4.229329446	7	206	1	200.6679121	213.2647702	-2.991806752	0.588617087	1.303417559	7.545525316
4	mat	-3.503025519	8	206	1	200.6679121	213.2647702	-2.500940795	1.525785019	0.809567988	4.686614587
4	mat	-3.034028413	9	208	1	204.0042447	211.0490445	-2.183973332	2.701061679	0.608461003	3.522399919
4	mat	-2.723003841	10	210	1	207.0732945	212.7306203	-1.973770181	3.763611694	0.515463117	2.984032223
4	mat	-2.483677333	11	210	1	207.0732945	212.7306203	-1.812023519	4.689413157	0.461785988	2.673293635
4	mat	-2.28503495	12	212	1	209.8454833	214.6422049	-1.677772857	5.491125138	0.426745873	2.470445302
4	mat	-2.112569021	13	212	1	209.8454833	214.6422049	-1.561213315	6.192831417	0.401842041	2.326276237
4	mat	-1.95839392	14	214	1	211.8688768	216.2164188	-1.457015463	6.817743242	0.382983161	2.217101585
4	mat	-1.817757675	15	214	1	211.8688768	216.2164188	-1.361967726	7.383683148	0.368013266	2.130440391
4	mat	-1.687561511	16	216	1	213.893696	217.8984153	-1.273975823	7.902752525	0.355722068	2.059286261
4	mat	-1.565668423	17	216	1	213.893696	217.8984153	-1.191595479	8.382670425	0.34538924	1.999469194
4	mat	-1.450521842	18	216	1	213.893696	217.8984153	-1.113774701	8.828556227	0.33655431	1.948323503
4	mat	-1.340969518	19	218	1	216.2482987	220.3570074	-1.039734751	9.244233733	0.328900506	1.904015389
4	mat	-1.23610958	20	218	1	216.2482987	220.3570074	-0.968866108	9.633274407	0.322190725	1.865172259
4	mat	-1.13522852	21	218	1	216.2482987	220.3570074	-0.900686553	9.999389158	0.316237425	2.020780486
4	mat	-1.037758611	22	218	1	216.2482987	220.3570074	-0.834812395	10.34649285	0.310887613	2.42744928
4	mat	-0.943238621	23	220	2	218.0200049	224.0597566	-0.770931912	10.67858261	0.306015338	2.82513688
4	mat	-0.851278578	24	220	2	218.0200049	224.0597566	-0.708781547	10.99951302	0.301518019	3.214614786
4	mat	-0.761555924	25	222	2	219.1084663	226.6767729	-0.6481433	11.31264908	0.297315699	3.596572659
4	mat	-0.673787072	26	222	2	219.1084663	226.6767729	-0.588825513	11.62064431	0.293349192	3.97173392
4	mat	-0.587718209	27	224	2	219.8940777	228.5758508	-0.530656648	11.92521779	0.289578851	4.340886526
4	mat	-0.503122931	28	226	2	221.7320755	230.4253328	-0.473483693	12.22698017	0.285983117	4.372830542
4	mat	-0.41978257	29	226	2	221.7320755	230.4253328	-0.417158862	12.52538835	0.282555913	4.320426803
4	mat	-0.337492804	30	228	2	223.703398	232.2448343	-0.361544066	12.81866145	0.279304968	4.270718171
4	mat	-0.256041775	31	230	2	225.6351293	234.0397994	-0.306496123	13.10383866	0.276249011	4.223990989
4	mat	-0.175217886	32	230	2	225.6351293	234.0397994	-0.251872027	13.37675661	0.273416417	4.180679156
4	mat	-0.094799827	33	232	2	228.1745446	236.4225247	-0.197522207	13.63210235	0.270843602	4.14133948
4	mat	-0.014551835	34	232	2	228.1745446	236.4225247	-0.143287325	13.8634432	0.268574296	4.106640614
4	mat	0.065781686	35	234	2	230.0630274	238.2177581	-0.08899464	14.06323544	0.266659694	4.07736535
4	mat	0.14648257	36	236	2	231.9498772	240.2151174	-0.034453675	14.22279306	0.265159722	4.054429994
4	mat	0.227866757	37	236	2	231.9498772	240.2151174	0.020549093	14.33220465	0.264145672	4.210810217
4	mat	0.310294699	38	238	2	233.8469459	242.9103407	0.076257274	14.3802067	0.263704436	4.531697416
4	mat	0.394191683	39	240	3	235.7743774	245.881103	0.132958294	14.35404981	0.263944597	4.871597071
4	mat	0.480045971	40	240	3	235.7743774	245.881103	0.19098214	14.23945994	0.265004495	5.235128522
4	mat	0.568473287	41	242	3	237.7432741	248.9996844	0.250744944	14.02077557	0.267063159	5.628205141
4	mat	0.660209942	42	244	3	239.0956613	251.2121917	0.312744334	13.68155262	0.270353694	6.05826523
4	mat	0.756213075	43	248	3	240.7457425	253.5598722	0.377627186	13.20551732	0.275183437	6.407064886
4	mat	0.857688809	44	250	3	242.950633	256.0802778	0.446208646	12.57846642	0.281959124	6.564822446
4	mat	0.966266382	45	252	3	245.2627559	258.8241537	0.519589819	11.79029699	0.291231018	6.780698896
4	mat	1.084144349	46	254	3	247.7156404	260.9444674	0.599256579	10.83791424	0.303757595	6.614413517
4	mat	1.214421005	47	258	3	250.3561955	262.6837283	0.687302882	9.727746658	0.32062241	6.163766426
4	mat	1.361618222	48	260	4	253.2519743	264.6934296	0.786784793	8.477801875	0.343445926	5.720727665
4	mat	1.532718128	49	262	4	256.5051492	267.0867624	0.902421121	7.117867952	0.374821968	5.290806559
4	mat	1.739229391	50	266	4	260.140983	270.0535653	1.041989895	5.68781754	0.41930223	4.956291132
4	mat	2.00239837	51	268	4	262.4617829	273.9542542	1.219850276	4.23148117	0.486131534	5.746235629
4	mat	2.368905562	52	272	4	265.4591994	279.6213104	1.467550855	2.78652713	0.599057296	7.081055513
4	mat	2.986344137	53	280	4	269.8592769	280	1.884841146	1.364255539	0.856154487	10
4	mat	4	54	280	4	269.8592769	280	2.569911317	0.403363032	1.574533676	10
