SS  SEM Missouri Spr2009 Final Content:CA Grade:04 (18JUN09)                    
   1       0                                                                    
   2       0                                                                    
   3       0                                                                    
   4       0                                                                    
   5       0                                                                    
   6       0                                                                    
   7       0                                                                    
   8       0                                                                    
   9       0                                                                    
  10       0                                                                    
  11       0                                                                    
  12       0                                                                    
  13       0                                                                    
  14       0                                                                    
  15       0                                                                    
  16       0                                                                    
  17       0                                                                    
  18       0                                                                    
  19       0                                                                    
  20       0                                                                    
  21       0                                                                    
  22       0                                                                    
  23       0                                                                    
  24       0                                                                    
  25       0                                                                    
  26       0                                                                    
  27       0                                                                    
  28       0                                                                    
  29       0                                                                    
  30       0                                                                    
  31       0                                                                    
  32       0                                                                    
  33       0                                                                    
  34       0                                                                    
  35       0                                                                    
  36       0                                                                    
  37       0                                                                    
  38       0                                                                    
  39       0                                                                    
  40       0                                                                    
  41       0                                                                    
  42       0                                                                    
  43       0                                                                    
  44       0                                                                    
  45       0                                                                    
  46       0                                                                    
  47       0                                                                    
  48       0                                                                    
  49       0                                                                    
  50       0                                                                    
  51       0                                                                    
  52       0                                                                    
  53       0                                                                    
  54       0                                                                    
  55       0                                                                    
  56       0                                                                    
  57       0                                                                    
  58       0                                                                    
  59       0                                                                    
  60       0                                                                    
  61       0                                                                    
  62       0                                                                    
  63       0                                                                    
  64       0                                                                    
  65       0                                                                    
  66       0                                                                    
  67       0                                                                    
  68       0                                                                    
  69       0                                                                    
  70       0                                                                    
  71       0                                                                    
  72       0                                                                    
  73       0                                                                    
  74       0                                                                    
  75       0                                                                    
  76       0                                                                    
  77       0                                                                    
  78       0                                                                    
  79       0                                                                    
  80       0                                                                    
  81       0                                                                    
  82       0                                                                    
  83       0                                                                    
  84       0                                                                    
  85       0                                                                    
  86       0                                                                    
  87       0                                                                    
  88       0                                                                    
  89       0                                                                    
  90       0                                                                    
  91       0                                                                    
  92       0                                                                    
  93       0                                                                    
  94       0                                                                    
  95       0                                                                    
  96       0                                                                    
  97       0                                                                    
  98       0                                                                    
  99       0                                                                    
 100       0                                                                    
 101       0                                                                    
 102       0                                                                    
 103       0                                                                    
 104       0                                                                    
 105       0                                                                    
 106       0                                                                    
 107       0                                                                    
 108       0                                                                    
 109       0                                                                    
 110       0                                                                    
 111       0                                                                    
 112       0                                                                    
 113       0                                                                    
 114       0                                                                    
 115       0                                                                    
 116       0                                                                    
 117       0                                                                    
 118       0                                                                    
 119       0                                                                    
 120       0                                                                    
 121       0                                                                    
 122       0                                                                    
 123       0                                                                    
 124       0                                                                    
 125       0                                                                    
 126       0                                                                    
 127       0                                                                    
 128       0                                                                    
 129       0                                                                    
 130       0                                                                    
 131       0                                                                    
 132       0                                                                    
 133       0                                                                    
 134       0                                                                    
 135       0                                                                    
 136       0                                                                    
 137       0                                                                    
 138       0                                                                    
 139       0                                                                    
 140       0                                                                    
 141       0                                                                    
 142       0                                                                    
 143       0                                                                    
 144       0                                                                    
 145       0                                                                    
 146       0                                                                    
 147       0                                                                    
 148       0                                                                    
 149       0                                                                    
 150       0                                                                    
 151       0                                                                    
 152       0                                                                    
 153       0                                                                    
 154       0                                                                    
 155       0                                                                    
 156       0                                                                    
 157       0                                                                    
 158       0                                                                    
 159       0                                                                    
 160       0                                                                    
 161       0                                                                    
 162       0                                                                    
 163       0                                                                    
 164       0                                                                    
 165       0                                                                    
 166       0                                                                    
 167       0                                                                    
 168       0                                                                    
 169       0                                                                    
 170       0                                                                    
 171       0                                                                    
 172       0                                                                    
 173       0                                                                    
 174       0                                                                    
 175       0                                                                    
 176       0                                                                    
 177       0                                                                    
 178       0                                                                    
 179       0                                                                    
 180       0                                                                    
 181       0                                                                    
 182       0                                                                    
 183       0                                                                    
 184       0                                                                    
 185       0                                                                    
 186       0                                                                    
 187       0                                                                    
 188       0                                                                    
 189       0                                                                    
 190       0                                                                    
 191       0                                                                    
 192       0                                                                    
 193       0                                                                    
 194       0                                                                    
 195       0                                                                    
 196       0                                                                    
 197       0                                                                    
 198       0                                                                    
 199       0                                                                    
 200       0                                                                    
 201       0                                                                    
 202       0                                                                    
 203       0                                                                    
 204       0                                                                    
 205       0                                                                    
 206       0                                                                    
 207       0                                                                    
 208       0                                                                    
 209       0                                                                    
 210       0                                                                    
 211       0                                                                    
 212       0                                                                    
 213       0                                                                    
 214       0                                                                    
 215       0                                                                    
 216       0                                                                    
 217       0                                                                    
 218       0                                                                    
 219       0                                                                    
 220       0                                                                    
 221       0                                                                    
 222       0                                                                    
 223       0                                                                    
 224       0                                                                    
 225       0                                                                    
 226       0                                                                    
 227       0                                                                    
 228       0                                                                    
 229       0                                                                    
 230       0                                                                    
 231       0                                                                    
 232       0                                                                    
 233       0                                                                    
 234       0                                                                    
 235       0                                                                    
 236       0                                                                    
 237       0                                                                    
 238       0                                                                    
 239       0                                                                    
 240       0                                                                    
 241       0                                                                    
 242       0                                                                    
 243       0                                                                    
 244       0                                                                    
 245       0                                                                    
 246       0                                                                    
 247       0                                                                    
 248       0                                                                    
 249       0                                                                    
 250       0                                                                    
 251       0                                                                    
 252       0                                                                    
 253       0                                                                    
 254       0                                                                    
 255       0                                                                    
 256       0                                                                    
 257       0                                                                    
 258       0                                                                    
 259       0                                                                    
 260       0                                                                    
 261       0                                                                    
 262       0                                                                    
 263       0                                                                    
 264       0                                                                    
 265       0                                                                    
 266       0                                                                    
 267       0                                                                    
 268       0                                                                    
 269       0                                                                    
 270       0                                                                    
 271       0                                                                    
 272       0                                                                    
 273       0                                                                    
 274       0                                                                    
 275       0                                                                    
 276       0                                                                    
 277       0                                                                    
 278       0                                                                    
 279       0                                                                    
 280       0                                                                    
 281       0                                                                    
 282       0                                                                    
 283       0                                                                    
 284       0                                                                    
 285       0                                                                    
 286       0                                                                    
 287       0                                                                    
 288       0                                                                    
 289       0                                                                    
 290       0                                                                    
 291       0                                                                    
 292       0                                                                    
 293       0                                                                    
 294       0                                                                    
 295       0                                                                    
 296       0                                                                    
 297       0                                                                    
 298       0                                                                    
 299       0                                                                    
 300       0                                                                    
 301       0                                                                    
 302       0                                                                    
 303       0                                                                    
 304       0                                                                    
 305       0                                                                    
 306       0                                                                    
 307       0                                                                    
 308       0                                                                    
 309       0                                                                    
 310       0                                                                    
 311       0                                                                    
 312       0                                                                    
 313       0                                                                    
 314       0                                                                    
 315       0                                                                    
 316       0                                                                    
 317       0                                                                    
 318       0                                                                    
 319       0                                                                    
 320       0                                                                    
 321       0                                                                    
 322       0                                                                    
 323       0                                                                    
 324       0                                                                    
 325       0                                                                    
 326       0                                                                    
 327       0                                                                    
 328       0                                                                    
 329       0                                                                    
 330       0                                                                    
 331       0                                                                    
 332       0                                                                    
 333       0                                                                    
 334       0                                                                    
 335       0                                                                    
 336       0                                                                    
 337       0                                                                    
 338       0                                                                    
 339       0                                                                    
 340       0                                                                    
 341       0                                                                    
 342       0                                                                    
 343       0                                                                    
 344       0                                                                    
 345       0                                                                    
 346       0                                                                    
 347       0                                                                    
 348       0                                                                    
 349       0                                                                    
 350       0                                                                    
 351       0                                                                    
 352       0                                                                    
 353       0                                                                    
 354       0                                                                    
 355       0                                                                    
 356       0                                                                    
 357       0                                                                    
 358       0                                                                    
 359       0                                                                    
 360       0                                                                    
 361       0                                                                    
 362       0                                                                    
 363       0                                                                    
 364       0                                                                    
 365       0                                                                    
 366       0                                                                    
 367       0                                                                    
 368       0                                                                    
 369       0                                                                    
 370       0                                                                    
 371       0                                                                    
 372       0                                                                    
 373       0                                                                    
 374       0                                                                    
 375       0                                                                    
 376       0                                                                    
 377       0                                                                    
 378       0                                                                    
 379       0                                                                    
 380       0                                                                    
 381       0                                                                    
 382       0                                                                    
 383       0                                                                    
 384       0                                                                    
 385       0                                                                    
 386       0                                                                    
 387       0                                                                    
 388       0                                                                    
 389       0                                                                    
 390       0                                                                    
 391       0                                                                    
 392       0                                                                    
 393       0                                                                    
 394       0                                                                    
 395       0                                                                    
 396       0                                                                    
 397       0                                                                    
 398       0                                                                    
 399       0                                                                    
 400       0                                                                    
 401       0                                                                    
 402       0                                                                    
 403       0                                                                    
 404       0                                                                    
 405       0                                                                    
 406       0                                                                    
 407       0                                                                    
 408       0                                                                    
 409       0                                                                    
 410       0                                                                    
 411       0                                                                    
 412       0                                                                    
 413       0                                                                    
 414       0                                                                    
 415       0                                                                    
 416       0                                                                    
 417       0                                                                    
 418       0                                                                    
 419       0                                                                    
 420       0                                                                    
 421       0                                                                    
 422       0                                                                    
 423       0                                                                    
 424       0                                                                    
 425       0                                                                    
 426       0                                                                    
 427       0                                                                    
 428       0                                                                    
 429       0                                                                    
 430       0                                                                    
 431       0                                                                    
 432       0                                                                    
 433       0                                                                    
 434       0                                                                    
 435       0                                                                    
 436       0                                                                    
 437       0                                                                    
 438       0                                                                    
 439       0                                                                    
 440       0                                                                    
 441       0                                                                    
 442       0                                                                    
 443       0                                                                    
 444       0                                                                    
 445       0                                                                    
 446       0                                                                    
 447       0                                                                    
 448       0                                                                    
 449       0                                                                    
 450       0                                                                    
 451       0                                                                    
 452       0                                                                    
 453       0                                                                    
 454       0                                                                    
 455       0                                                                    
 456       0                                                                    
 457       0                                                                    
 458       0                                                                    
 459       0                                                                    
 460       0                                                                    
 461       0                                                                    
 462       0                                                                    
 463       0                                                                    
 464       0                                                                    
 465       0                                                                    
 466       0                                                                    
 467       0                                                                    
 468       0                                                                    
 469       0                                                                    
 470      92                                                                    
 471      91                                                                    
 472      90                                                                    
 473      89                                                                    
 474      88                                                                    
 475      87                                                                    
 476      86                                                                    
 477      85                                                                    
 478      84                                                                    
 479      83                                                                    
 480      82                                                                    
 481      81                                                                    
 482      80                                                                    
 483      79                                                                    
 484      78                                                                    
 485      77                                                                    
 486      76                                                                    
 487      75                                                                    
 488      74                                                                    
 489      73                                                                    
 490      72                                                                    
 491      71                                                                    
 492      70                                                                    
 493      69                                                                    
 494      68                                                                    
 495      67                                                                    
 496      66                                                                    
 497      65                                                                    
 498      64                                                                    
 499      63                                                                    
 500      62                                                                    
 501      61                                                                    
 502      60                                                                    
 503      59                                                                    
 504      58                                                                    
 505      57                                                                    
 506      56                                                                    
 507      55                                                                    
 508      54                                                                    
 509      53                                                                    
 510      52                                                                    
 511      51                                                                    
 512      50                                                                    
 513      49                                                                    
 514      48                                                                    
 515      47                                                                    
 516      46                                                                    
 517      45                                                                    
 518      44                                                                    
 519      43                                                                    
 520      43                                                                    
 521      42                                                                    
 522      41                                                                    
 523      40                                                                    
 524      39                                                                    
 525      38                                                                    
 526      38                                                                    
 527      37                                                                    
 528      36                                                                    
 529      35                                                                    
 530      35                                                                    
 531      34                                                                    
 532      33                                                                    
 533      32                                                                    
 534      32                                                                    
 535      31                                                                    
 536      30                                                                    
 537      30                                                                    
 538      29                                                                    
 539      28                                                                    
 540      28                                                                    
 541      27                                                                    
 542      27                                                                    
 543      26                                                                    
 544      25                                                                    
 545      25                                                                    
 546      24                                                                    
 547      24                                                                    
 548      23                                                                    
 549      23                                                                    
 550      22                                                                    
 551      22                                                                    
 552      21                                                                    
 553      21                                                                    
 554      20                                                                    
 555      20                                                                    
 556      20                                                                    
 557      19                                                                    
 558      19                                                                    
 559      18                                                                    
 560      18                                                                    
 561      18                                                                    
 562      17                                                                    
 563      17                                                                    
 564      16                                                                    
 565      16                                                                    
 566      16                                                                    
 567      15                                                                    
 568      15                                                                    
 569      15                                                                    
 570      15                                                                    
 571      14                                                                    
 572      14                                                                    
 573      14                                                                    
 574      13                                                                    
 575      13                                                                    
 576      13                                                                    
 577      13                                                                    
 578      12                                                                    
 579      12                                                                    
 580      12                                                                    
 581      12                                                                    
 582      12                                                                    
 583      11                                                                    
 584      11                                                                    
 585      11                                                                    
 586      11                                                                    
 587      11                                                                    
 588      11                                                                    
 589      10                                                                    
 590      10                                                                    
 591      10                                                                    
 592      10                                                                    
 593      10                                                                    
 594      10                                                                    
 595      10                                                                    
 596      10                                                                    
 597       9                                                                    
 598       9                                                                    
 599       9                                                                    
 600       9                                                                    
 601       9                                                                    
 602       9                                                                    
 603       9                                                                    
 604       9                                                                    
 605       9                                                                    
 606       9                                                                    
 607       8                                                                    
 608       8                                                                    
 609       8                                                                    
 610       8                                                                    
 611       8                                                                    
 612       8                                                                    
 613       8                                                                    
 614       8                                                                    
 615       8                                                                    
 616       8                                                                    
 617       8                                                                    
 618       8                                                                    
 619       8                                                                    
 620       8                                                                    
 621       8                                                                    
 622       8                                                                    
 623       8                                                                    
 624       7                                                                    
 625       7                                                                    
 626       7                                                                    
 627       7                                                                    
 628       7                                                                    
 629       7                                                                    
 630       7                                                                    
 631       7                                                                    
 632       7                                                                    
 633       7                                                                    
 634       7                                                                    
 635       7                                                                    
 636       7                                                                    
 637       7                                                                    
 638       7                                                                    
 639       7                                                                    
 640       7                                                                    
 641       7                                                                    
 642       7                                                                    
 643       8                                                                    
 644       8                                                                    
 645       8                                                                    
 646       8                                                                    
 647       8                                                                    
 648       8                                                                    
 649       8                                                                    
 650       8                                                                    
 651       8                                                                    
 652       8                                                                    
 653       8                                                                    
 654       8                                                                    
 655       8                                                                    
 656       8                                                                    
 657       8                                                                    
 658       8                                                                    
 659       8                                                                    
 660       8                                                                    
 661       9                                                                    
 662       9                                                                    
 663       9                                                                    
 664       9                                                                    
 665       9                                                                    
 666       9                                                                    
 667       9                                                                    
 668       9                                                                    
 669       9                                                                    
 670       9                                                                    
 671       9                                                                    
 672      10                                                                    
 673      10                                                                    
 674      10                                                                    
 675      10                                                                    
 676      10                                                                    
 677      10                                                                    
 678      10                                                                    
 679      10                                                                    
 680      10                                                                    
 681      11                                                                    
 682      11                                                                    
 683      11                                                                    
 684      11                                                                    
 685      11                                                                    
 686      11                                                                    
 687      11                                                                    
 688      12                                                                    
 689      12                                                                    
 690      12                                                                    
 691      12                                                                    
 692      12                                                                    
 693      12                                                                    
 694      13                                                                    
 695      13                                                                    
 696      13                                                                    
 697      13                                                                    
 698      13                                                                    
 699      14                                                                    
 700      14                                                                    
 701      14                                                                    
 702      14                                                                    
 703      14                                                                    
 704      14                                                                    
 705      15                                                                    
 706      15                                                                    
 707      15                                                                    
 708      15                                                                    
 709      15                                                                    
 710      16                                                                    
 711      16                                                                    
 712      16                                                                    
 713      16                                                                    
 714      17                                                                    
 715      17                                                                    
 716      17                                                                    
 717      17                                                                    
 718      17                                                                    
 719      18                                                                    
 720      18                                                                    
 721      18                                                                    
 722      18                                                                    
 723      19                                                                    
 724      19                                                                    
 725      19                                                                    
 726      19                                                                    
 727      20                                                                    
 728      20                                                                    
 729      20                                                                    
 730      20                                                                    
 731      21                                                                    
 732      21                                                                    
 733      21                                                                    
 734      22                                                                    
 735      22                                                                    
 736      22                                                                    
 737      22                                                                    
 738      23                                                                    
 739      23                                                                    
 740      23                                                                    
 741      24                                                                    
 742      24                                                                    
 743      24                                                                    
 744      24                                                                    
 745      25                                                                    
 746      25                                                                    
 747      25                                                                    
 748      26                                                                    
 749      26                                                                    
 750      26                                                                    
 751      27                                                                    
 752      27                                                                    
 753      27                                                                    
 754      28                                                                    
 755      28                                                                    
 756      28                                                                    
 757      29                                                                    
 758      29                                                                    
 759      30                                                                    
 760      30                                                                    
 761      30                                                                    
 762      31                                                                    
 763      31                                                                    
 764      32                                                                    
 765      32                                                                    
 766      32                                                                    
 767      33                                                                    
 768      33                                                                    
 769      34                                                                    
 770      34                                                                    
 771      35                                                                    
 772      35                                                                    
 773      36                                                                    
 774      36                                                                    
 775      37                                                                    
 776      37                                                                    
 777      38                                                                    
 778      38                                                                    
 779      39                                                                    
 780      39                                                                    
 781      40                                                                    
 782      40                                                                    
 783      41                                                                    
 784      42                                                                    
 785      42                                                                    
 786      43                                                                    
 787      43                                                                    
 788      44                                                                    
 789      45                                                                    
 790      45                                                                    
 791      46                                                                    
 792      47                                                                    
 793      47                                                                    
 794      48                                                                    
 795      49                                                                    
 796      50                                                                    
 797      50                                                                    
 798      51                                                                    
 799      52                                                                    
 800      53                                                                    
 801      53                                                                    
 802      54                                                                    
 803      55                                                                    
 804      56                                                                    
 805      57                                                                    
 806      58                                                                    
 807      58                                                                    
 808      59                                                                    
 809      60                                                                    
 810      61                                                                    
 811      62                                                                    
 812      63                                                                    
 813      64                                                                    
 814      65                                                                    
 815      66                                                                    
 816      67                                                                    
 817      68                                                                    
 818      69                                                                    
 819      70                                                                    
 820      71                                                                    
 821       0                                                                    
 822       0                                                                    
 823       0                                                                    
 824       0                                                                    
 825       0                                                                    
 826       0                                                                    
 827       0                                                                    
 828       0                                                                    
 829       0                                                                    
 830       0                                                                    
 831       0                                                                    
 832       0                                                                    
 833       0                                                                    
 834       0                                                                    
 835       0                                                                    
 836       0                                                                    
 837       0                                                                    
 838       0                                                                    
 839       0                                                                    
 840       0                                                                    
 841       0                                                                    
 842       0                                                                    
 843       0                                                                    
 844       0                                                                    
 845       0                                                                    
 846       0                                                                    
 847       0                                                                    
 848       0                                                                    
 849       0                                                                    
 850       0                                                                    
 851       0                                                                    
 852       0                                                                    
 853       0                                                                    
 854       0                                                                    
 855       0                                                                    
 856       0                                                                    
 857       0                                                                    
 858       0                                                                    
 859       0                                                                    
 860       0                                                                    
 861       0                                                                    
 862       0                                                                    
 863       0                                                                    
 864       0                                                                    
 865       0                                                                    
 866       0                                                                    
 867       0                                                                    
 868       0                                                                    
 869       0                                                                    
 870       0                                                                    
 871       0                                                                    
 872       0                                                                    
 873       0                                                                    
 874       0                                                                    
 875       0                                                                    
 876       0                                                                    
 877       0                                                                    
 878       0                                                                    
 879       0                                                                    
 880       0                                                                    
 881       0                                                                    
 882       0                                                                    
 883       0                                                                    
 884       0                                                                    
 885       0                                                                    
 886       0                                                                    
 887       0                                                                    
 888       0                                                                    
 889       0                                                                    
 890       0                                                                    
 891       0                                                                    
 892       0                                                                    
 893       0                                                                    
 894       0                                                                    
 895       0                                                                    
 896       0                                                                    
 897       0                                                                    
 898       0                                                                    
 899       0                                                                    
 900       0                                                                    
 901       0                                                                    
 902       0                                                                    
 903       0                                                                    
 904       0                                                                    
 905       0                                                                    
 906       0                                                                    
 907       0                                                                    
 908       0                                                                    
 909       0                                                                    
 910       0                                                                    
 911       0                                                                    
 912       0                                                                    
 913       0                                                                    
 914       0                                                                    
 915       0                                                                    
 916       0                                                                    
 917       0                                                                    
 918       0                                                                    
 919       0                                                                    
 920       0                                                                    
 921       0                                                                    
 922       0                                                                    
 923       0                                                                    
 924       0                                                                    
 925       0                                                                    
 926       0                                                                    
 927       0                                                                    
 928       0                                                                    
 929       0                                                                    
 930       0                                                                    
 931       0                                                                    
 932       0                                                                    
 933       0                                                                    
 934       0                                                                    
 935       0                                                                    
 936       0                                                                    
 937       0                                                                    
 938       0                                                                    
 939       0                                                                    
 940       0                                                                    
 941       0                                                                    
 942       0                                                                    
 943       0                                                                    
 944       0                                                                    
 945       0                                                                    
 946       0                                                                    
 947       0                                                                    
 948       0                                                                    
 949       0                                                                    
 950       0                                                                    
 951       0                                                                    
 952       0                                                                    
 953       0                                                                    
 954       0                                                                    
 955       0                                                                    
 956       0                                                                    
 957       0                                                                    
 958       0                                                                    
 959       0                                                                    
 960       0                                                                    
 961       0                                                                    
 962       0                                                                    
 963       0                                                                    
 964       0                                                                    
 965       0                                                                    
 966       0                                                                    
 967       0                                                                    
 968       0                                                                    
 969       0                                                                    
 970       0                                                                    
 971       0                                                                    
 972       0                                                                    
 973       0                                                                    
 974       0                                                                    
 975       0                                                                    
 976       0                                                                    
 977       0                                                                    
 978       0                                                                    
 979       0                                                                    
 980       0                                                                    
 981       0                                                                    
 982       0                                                                    
 983       0                                                                    
 984       0                                                                    
 985       0                                                                    
 986       0                                                                    
 987       0                                                                    
 988       0                                                                    
 989       0                                                                    
 990       0                                                                    
 991       0                                                                    
 992       0                                                                    
 993       0                                                                    
 994       0                                                                    
 995       0                                                                    
 996       0                                                                    
 997       0                                                                    
 998       0                                                                    
 999       0                                                                    
1000       7                                                                    
