SS  SEM Missouri Spr2009 Final Content:MA Grade:05 (18JUN09)                    
   1       0                                                                    
   2       0                                                                    
   3       0                                                                    
   4       0                                                                    
   5       0                                                                    
   6       0                                                                    
   7       0                                                                    
   8       0                                                                    
   9       0                                                                    
  10       0                                                                    
  11       0                                                                    
  12       0                                                                    
  13       0                                                                    
  14       0                                                                    
  15       0                                                                    
  16       0                                                                    
  17       0                                                                    
  18       0                                                                    
  19       0                                                                    
  20       0                                                                    
  21       0                                                                    
  22       0                                                                    
  23       0                                                                    
  24       0                                                                    
  25       0                                                                    
  26       0                                                                    
  27       0                                                                    
  28       0                                                                    
  29       0                                                                    
  30       0                                                                    
  31       0                                                                    
  32       0                                                                    
  33       0                                                                    
  34       0                                                                    
  35       0                                                                    
  36       0                                                                    
  37       0                                                                    
  38       0                                                                    
  39       0                                                                    
  40       0                                                                    
  41       0                                                                    
  42       0                                                                    
  43       0                                                                    
  44       0                                                                    
  45       0                                                                    
  46       0                                                                    
  47       0                                                                    
  48       0                                                                    
  49       0                                                                    
  50       0                                                                    
  51       0                                                                    
  52       0                                                                    
  53       0                                                                    
  54       0                                                                    
  55       0                                                                    
  56       0                                                                    
  57       0                                                                    
  58       0                                                                    
  59       0                                                                    
  60       0                                                                    
  61       0                                                                    
  62       0                                                                    
  63       0                                                                    
  64       0                                                                    
  65       0                                                                    
  66       0                                                                    
  67       0                                                                    
  68       0                                                                    
  69       0                                                                    
  70       0                                                                    
  71       0                                                                    
  72       0                                                                    
  73       0                                                                    
  74       0                                                                    
  75       0                                                                    
  76       0                                                                    
  77       0                                                                    
  78       0                                                                    
  79       0                                                                    
  80       0                                                                    
  81       0                                                                    
  82       0                                                                    
  83       0                                                                    
  84       0                                                                    
  85       0                                                                    
  86       0                                                                    
  87       0                                                                    
  88       0                                                                    
  89       0                                                                    
  90       0                                                                    
  91       0                                                                    
  92       0                                                                    
  93       0                                                                    
  94       0                                                                    
  95       0                                                                    
  96       0                                                                    
  97       0                                                                    
  98       0                                                                    
  99       0                                                                    
 100       0                                                                    
 101       0                                                                    
 102       0                                                                    
 103       0                                                                    
 104       0                                                                    
 105       0                                                                    
 106       0                                                                    
 107       0                                                                    
 108       0                                                                    
 109       0                                                                    
 110       0                                                                    
 111       0                                                                    
 112       0                                                                    
 113       0                                                                    
 114       0                                                                    
 115       0                                                                    
 116       0                                                                    
 117       0                                                                    
 118       0                                                                    
 119       0                                                                    
 120       0                                                                    
 121       0                                                                    
 122       0                                                                    
 123       0                                                                    
 124       0                                                                    
 125       0                                                                    
 126       0                                                                    
 127       0                                                                    
 128       0                                                                    
 129       0                                                                    
 130       0                                                                    
 131       0                                                                    
 132       0                                                                    
 133       0                                                                    
 134       0                                                                    
 135       0                                                                    
 136       0                                                                    
 137       0                                                                    
 138       0                                                                    
 139       0                                                                    
 140       0                                                                    
 141       0                                                                    
 142       0                                                                    
 143       0                                                                    
 144       0                                                                    
 145       0                                                                    
 146       0                                                                    
 147       0                                                                    
 148       0                                                                    
 149       0                                                                    
 150       0                                                                    
 151       0                                                                    
 152       0                                                                    
 153       0                                                                    
 154       0                                                                    
 155       0                                                                    
 156       0                                                                    
 157       0                                                                    
 158       0                                                                    
 159       0                                                                    
 160       0                                                                    
 161       0                                                                    
 162       0                                                                    
 163       0                                                                    
 164       0                                                                    
 165       0                                                                    
 166       0                                                                    
 167       0                                                                    
 168       0                                                                    
 169       0                                                                    
 170       0                                                                    
 171       0                                                                    
 172       0                                                                    
 173       0                                                                    
 174       0                                                                    
 175       0                                                                    
 176       0                                                                    
 177       0                                                                    
 178       0                                                                    
 179       0                                                                    
 180       0                                                                    
 181       0                                                                    
 182       0                                                                    
 183       0                                                                    
 184       0                                                                    
 185       0                                                                    
 186       0                                                                    
 187       0                                                                    
 188       0                                                                    
 189       0                                                                    
 190       0                                                                    
 191       0                                                                    
 192       0                                                                    
 193       0                                                                    
 194       0                                                                    
 195       0                                                                    
 196       0                                                                    
 197       0                                                                    
 198       0                                                                    
 199       0                                                                    
 200       0                                                                    
 201       0                                                                    
 202       0                                                                    
 203       0                                                                    
 204       0                                                                    
 205       0                                                                    
 206       0                                                                    
 207       0                                                                    
 208       0                                                                    
 209       0                                                                    
 210       0                                                                    
 211       0                                                                    
 212       0                                                                    
 213       0                                                                    
 214       0                                                                    
 215       0                                                                    
 216       0                                                                    
 217       0                                                                    
 218       0                                                                    
 219       0                                                                    
 220       0                                                                    
 221       0                                                                    
 222       0                                                                    
 223       0                                                                    
 224       0                                                                    
 225       0                                                                    
 226       0                                                                    
 227       0                                                                    
 228       0                                                                    
 229       0                                                                    
 230       0                                                                    
 231       0                                                                    
 232       0                                                                    
 233       0                                                                    
 234       0                                                                    
 235       0                                                                    
 236       0                                                                    
 237       0                                                                    
 238       0                                                                    
 239       0                                                                    
 240       0                                                                    
 241       0                                                                    
 242       0                                                                    
 243       0                                                                    
 244       0                                                                    
 245       0                                                                    
 246       0                                                                    
 247       0                                                                    
 248       0                                                                    
 249       0                                                                    
 250       0                                                                    
 251       0                                                                    
 252       0                                                                    
 253       0                                                                    
 254       0                                                                    
 255       0                                                                    
 256       0                                                                    
 257       0                                                                    
 258       0                                                                    
 259       0                                                                    
 260       0                                                                    
 261       0                                                                    
 262       0                                                                    
 263       0                                                                    
 264       0                                                                    
 265       0                                                                    
 266       0                                                                    
 267       0                                                                    
 268       0                                                                    
 269       0                                                                    
 270       0                                                                    
 271       0                                                                    
 272       0                                                                    
 273       0                                                                    
 274       0                                                                    
 275       0                                                                    
 276       0                                                                    
 277       0                                                                    
 278       0                                                                    
 279       0                                                                    
 280       0                                                                    
 281       0                                                                    
 282       0                                                                    
 283       0                                                                    
 284       0                                                                    
 285       0                                                                    
 286       0                                                                    
 287       0                                                                    
 288       0                                                                    
 289       0                                                                    
 290       0                                                                    
 291       0                                                                    
 292       0                                                                    
 293       0                                                                    
 294       0                                                                    
 295       0                                                                    
 296       0                                                                    
 297       0                                                                    
 298       0                                                                    
 299       0                                                                    
 300       0                                                                    
 301       0                                                                    
 302       0                                                                    
 303       0                                                                    
 304       0                                                                    
 305       0                                                                    
 306       0                                                                    
 307       0                                                                    
 308       0                                                                    
 309       0                                                                    
 310       0                                                                    
 311       0                                                                    
 312       0                                                                    
 313       0                                                                    
 314       0                                                                    
 315       0                                                                    
 316       0                                                                    
 317       0                                                                    
 318       0                                                                    
 319       0                                                                    
 320       0                                                                    
 321       0                                                                    
 322       0                                                                    
 323       0                                                                    
 324       0                                                                    
 325       0                                                                    
 326       0                                                                    
 327       0                                                                    
 328       0                                                                    
 329       0                                                                    
 330       0                                                                    
 331       0                                                                    
 332       0                                                                    
 333       0                                                                    
 334       0                                                                    
 335       0                                                                    
 336       0                                                                    
 337       0                                                                    
 338       0                                                                    
 339       0                                                                    
 340       0                                                                    
 341       0                                                                    
 342       0                                                                    
 343       0                                                                    
 344       0                                                                    
 345       0                                                                    
 346       0                                                                    
 347       0                                                                    
 348       0                                                                    
 349       0                                                                    
 350       0                                                                    
 351       0                                                                    
 352       0                                                                    
 353       0                                                                    
 354       0                                                                    
 355       0                                                                    
 356       0                                                                    
 357       0                                                                    
 358       0                                                                    
 359       0                                                                    
 360       0                                                                    
 361       0                                                                    
 362       0                                                                    
 363       0                                                                    
 364       0                                                                    
 365       0                                                                    
 366       0                                                                    
 367       0                                                                    
 368       0                                                                    
 369       0                                                                    
 370       0                                                                    
 371       0                                                                    
 372       0                                                                    
 373       0                                                                    
 374       0                                                                    
 375       0                                                                    
 376       0                                                                    
 377       0                                                                    
 378       0                                                                    
 379       0                                                                    
 380       0                                                                    
 381       0                                                                    
 382       0                                                                    
 383       0                                                                    
 384       0                                                                    
 385       0                                                                    
 386       0                                                                    
 387       0                                                                    
 388       0                                                                    
 389       0                                                                    
 390       0                                                                    
 391       0                                                                    
 392       0                                                                    
 393       0                                                                    
 394       0                                                                    
 395       0                                                                    
 396       0                                                                    
 397       0                                                                    
 398       0                                                                    
 399       0                                                                    
 400       0                                                                    
 401       0                                                                    
 402       0                                                                    
 403       0                                                                    
 404       0                                                                    
 405       0                                                                    
 406       0                                                                    
 407       0                                                                    
 408       0                                                                    
 409       0                                                                    
 410       0                                                                    
 411       0                                                                    
 412       0                                                                    
 413       0                                                                    
 414       0                                                                    
 415       0                                                                    
 416       0                                                                    
 417       0                                                                    
 418       0                                                                    
 419       0                                                                    
 420       0                                                                    
 421       0                                                                    
 422       0                                                                    
 423       0                                                                    
 424       0                                                                    
 425       0                                                                    
 426       0                                                                    
 427       0                                                                    
 428       0                                                                    
 429       0                                                                    
 430       0                                                                    
 431       0                                                                    
 432       0                                                                    
 433       0                                                                    
 434       0                                                                    
 435       0                                                                    
 436       0                                                                    
 437       0                                                                    
 438       0                                                                    
 439       0                                                                    
 440       0                                                                    
 441       0                                                                    
 442       0                                                                    
 443       0                                                                    
 444       0                                                                    
 445       0                                                                    
 446       0                                                                    
 447       0                                                                    
 448       0                                                                    
 449       0                                                                    
 450       0                                                                    
 451       0                                                                    
 452       0                                                                    
 453       0                                                                    
 454       0                                                                    
 455       0                                                                    
 456       0                                                                    
 457       0                                                                    
 458       0                                                                    
 459       0                                                                    
 460       0                                                                    
 461       0                                                                    
 462       0                                                                    
 463       0                                                                    
 464       0                                                                    
 465       0                                                                    
 466       0                                                                    
 467       0                                                                    
 468       0                                                                    
 469       0                                                                    
 470       0                                                                    
 471       0                                                                    
 472       0                                                                    
 473       0                                                                    
 474       0                                                                    
 475       0                                                                    
 476       0                                                                    
 477       0                                                                    
 478       0                                                                    
 479       0                                                                    
 480      79                                                                    
 481      78                                                                    
 482      77                                                                    
 483      76                                                                    
 484      75                                                                    
 485      74                                                                    
 486      73                                                                    
 487      72                                                                    
 488      71                                                                    
 489      70                                                                    
 490      69                                                                    
 491      68                                                                    
 492      67                                                                    
 493      66                                                                    
 494      65                                                                    
 495      64                                                                    
 496      63                                                                    
 497      62                                                                    
 498      61                                                                    
 499      60                                                                    
 500      59                                                                    
 501      58                                                                    
 502      57                                                                    
 503      56                                                                    
 504      55                                                                    
 505      54                                                                    
 506      54                                                                    
 507      53                                                                    
 508      52                                                                    
 509      51                                                                    
 510      50                                                                    
 511      49                                                                    
 512      48                                                                    
 513      47                                                                    
 514      47                                                                    
 515      46                                                                    
 516      45                                                                    
 517      44                                                                    
 518      43                                                                    
 519      43                                                                    
 520      42                                                                    
 521      41                                                                    
 522      41                                                                    
 523      40                                                                    
 524      39                                                                    
 525      38                                                                    
 526      38                                                                    
 527      37                                                                    
 528      36                                                                    
 529      36                                                                    
 530      35                                                                    
 531      34                                                                    
 532      34                                                                    
 533      33                                                                    
 534      33                                                                    
 535      32                                                                    
 536      32                                                                    
 537      31                                                                    
 538      30                                                                    
 539      30                                                                    
 540      29                                                                    
 541      29                                                                    
 542      28                                                                    
 543      28                                                                    
 544      27                                                                    
 545      27                                                                    
 546      27                                                                    
 547      26                                                                    
 548      26                                                                    
 549      25                                                                    
 550      25                                                                    
 551      24                                                                    
 552      24                                                                    
 553      24                                                                    
 554      23                                                                    
 555      23                                                                    
 556      22                                                                    
 557      22                                                                    
 558      22                                                                    
 559      21                                                                    
 560      21                                                                    
 561      21                                                                    
 562      20                                                                    
 563      20                                                                    
 564      20                                                                    
 565      20                                                                    
 566      19                                                                    
 567      19                                                                    
 568      19                                                                    
 569      18                                                                    
 570      18                                                                    
 571      18                                                                    
 572      18                                                                    
 573      17                                                                    
 574      17                                                                    
 575      17                                                                    
 576      17                                                                    
 577      17                                                                    
 578      16                                                                    
 579      16                                                                    
 580      16                                                                    
 581      16                                                                    
 582      15                                                                    
 583      15                                                                    
 584      15                                                                    
 585      15                                                                    
 586      15                                                                    
 587      15                                                                    
 588      14                                                                    
 589      14                                                                    
 590      14                                                                    
 591      14                                                                    
 592      14                                                                    
 593      14                                                                    
 594      13                                                                    
 595      13                                                                    
 596      13                                                                    
 597      13                                                                    
 598      13                                                                    
 599      13                                                                    
 600      13                                                                    
 601      12                                                                    
 602      12                                                                    
 603      12                                                                    
 604      12                                                                    
 605      12                                                                    
 606      12                                                                    
 607      12                                                                    
 608      12                                                                    
 609      11                                                                    
 610      11                                                                    
 611      11                                                                    
 612      11                                                                    
 613      11                                                                    
 614      11                                                                    
 615      11                                                                    
 616      11                                                                    
 617      11                                                                    
 618      11                                                                    
 619      10                                                                    
 620      10                                                                    
 621      10                                                                    
 622      10                                                                    
 623      10                                                                    
 624      10                                                                    
 625      10                                                                    
 626      10                                                                    
 627      10                                                                    
 628      10                                                                    
 629      10                                                                    
 630      10                                                                    
 631      10                                                                    
 632      10                                                                    
 633      10                                                                    
 634      10                                                                    
 635       9                                                                    
 636       9                                                                    
 637       9                                                                    
 638       9                                                                    
 639       9                                                                    
 640       9                                                                    
 641       9                                                                    
 642       9                                                                    
 643       9                                                                    
 644       9                                                                    
 645       9                                                                    
 646       9                                                                    
 647       9                                                                    
 648       9                                                                    
 649       9                                                                    
 650       9                                                                    
 651       9                                                                    
 652       9                                                                    
 653       9                                                                    
 654       9                                                                    
 655       9                                                                    
 656       9                                                                    
 657       9                                                                    
 658       9                                                                    
 659       9                                                                    
 660       9                                                                    
 661       9                                                                    
 662       9                                                                    
 663       9                                                                    
 664       9                                                                    
 665       9                                                                    
 666       9                                                                    
 667       9                                                                    
 668       9                                                                    
 669       9                                                                    
 670       9                                                                    
 671       9                                                                    
 672       9                                                                    
 673       9                                                                    
 674      10                                                                    
 675      10                                                                    
 676      10                                                                    
 677      10                                                                    
 678      10                                                                    
 679      10                                                                    
 680      10                                                                    
 681      10                                                                    
 682      10                                                                    
 683      10                                                                    
 684      10                                                                    
 685      10                                                                    
 686      10                                                                    
 687      10                                                                    
 688      11                                                                    
 689      11                                                                    
 690      11                                                                    
 691      11                                                                    
 692      11                                                                    
 693      11                                                                    
 694      11                                                                    
 695      11                                                                    
 696      11                                                                    
 697      12                                                                    
 698      12                                                                    
 699      12                                                                    
 700      12                                                                    
 701      12                                                                    
 702      12                                                                    
 703      12                                                                    
 704      12                                                                    
 705      13                                                                    
 706      13                                                                    
 707      13                                                                    
 708      13                                                                    
 709      13                                                                    
 710      13                                                                    
 711      14                                                                    
 712      14                                                                    
 713      14                                                                    
 714      14                                                                    
 715      14                                                                    
 716      14                                                                    
 717      15                                                                    
 718      15                                                                    
 719      15                                                                    
 720      15                                                                    
 721      15                                                                    
 722      16                                                                    
 723      16                                                                    
 724      16                                                                    
 725      16                                                                    
 726      16                                                                    
 727      17                                                                    
 728      17                                                                    
 729      17                                                                    
 730      17                                                                    
 731      17                                                                    
 732      18                                                                    
 733      18                                                                    
 734      18                                                                    
 735      18                                                                    
 736      19                                                                    
 737      19                                                                    
 738      19                                                                    
 739      19                                                                    
 740      20                                                                    
 741      20                                                                    
 742      20                                                                    
 743      20                                                                    
 744      21                                                                    
 745      21                                                                    
 746      21                                                                    
 747      21                                                                    
 748      22                                                                    
 749      22                                                                    
 750      22                                                                    
 751      23                                                                    
 752      23                                                                    
 753      23                                                                    
 754      23                                                                    
 755      24                                                                    
 756      24                                                                    
 757      24                                                                    
 758      25                                                                    
 759      25                                                                    
 760      25                                                                    
 761      25                                                                    
 762      26                                                                    
 763      26                                                                    
 764      26                                                                    
 765      27                                                                    
 766      27                                                                    
 767      27                                                                    
 768      28                                                                    
 769      28                                                                    
 770      28                                                                    
 771      29                                                                    
 772      29                                                                    
 773      29                                                                    
 774      30                                                                    
 775      30                                                                    
 776      30                                                                    
 777      31                                                                    
 778      31                                                                    
 779      32                                                                    
 780      32                                                                    
 781      32                                                                    
 782      33                                                                    
 783      33                                                                    
 784      33                                                                    
 785      34                                                                    
 786      34                                                                    
 787      35                                                                    
 788      35                                                                    
 789      35                                                                    
 790      36                                                                    
 791      36                                                                    
 792      37                                                                    
 793      37                                                                    
 794      37                                                                    
 795      38                                                                    
 796      38                                                                    
 797      39                                                                    
 798      39                                                                    
 799      40                                                                    
 800      40                                                                    
 801      40                                                                    
 802      41                                                                    
 803      41                                                                    
 804      42                                                                    
 805      42                                                                    
 806      43                                                                    
 807      43                                                                    
 808      44                                                                    
 809      44                                                                    
 810      45                                                                    
 811      45                                                                    
 812      46                                                                    
 813      46                                                                    
 814      47                                                                    
 815      47                                                                    
 816      48                                                                    
 817      48                                                                    
 818      49                                                                    
 819      49                                                                    
 820      50                                                                    
 821      50                                                                    
 822      51                                                                    
 823      52                                                                    
 824      52                                                                    
 825      53                                                                    
 826      53                                                                    
 827      54                                                                    
 828      54                                                                    
 829      55                                                                    
 830      56                                                                    
 831       0                                                                    
 832       0                                                                    
 833       0                                                                    
 834       0                                                                    
 835       0                                                                    
 836       0                                                                    
 837       0                                                                    
 838       0                                                                    
 839       0                                                                    
 840       0                                                                    
 841       0                                                                    
 842       0                                                                    
 843       0                                                                    
 844       0                                                                    
 845       0                                                                    
 846       0                                                                    
 847       0                                                                    
 848       0                                                                    
 849       0                                                                    
 850       0                                                                    
 851       0                                                                    
 852       0                                                                    
 853       0                                                                    
 854       0                                                                    
 855       0                                                                    
 856       0                                                                    
 857       0                                                                    
 858       0                                                                    
 859       0                                                                    
 860       0                                                                    
 861       0                                                                    
 862       0                                                                    
 863       0                                                                    
 864       0                                                                    
 865       0                                                                    
 866       0                                                                    
 867       0                                                                    
 868       0                                                                    
 869       0                                                                    
 870       0                                                                    
 871       0                                                                    
 872       0                                                                    
 873       0                                                                    
 874       0                                                                    
 875       0                                                                    
 876       0                                                                    
 877       0                                                                    
 878       0                                                                    
 879       0                                                                    
 880       0                                                                    
 881       0                                                                    
 882       0                                                                    
 883       0                                                                    
 884       0                                                                    
 885       0                                                                    
 886       0                                                                    
 887       0                                                                    
 888       0                                                                    
 889       0                                                                    
 890       0                                                                    
 891       0                                                                    
 892       0                                                                    
 893       0                                                                    
 894       0                                                                    
 895       0                                                                    
 896       0                                                                    
 897       0                                                                    
 898       0                                                                    
 899       0                                                                    
 900       0                                                                    
 901       0                                                                    
 902       0                                                                    
 903       0                                                                    
 904       0                                                                    
 905       0                                                                    
 906       0                                                                    
 907       0                                                                    
 908       0                                                                    
 909       0                                                                    
 910       0                                                                    
 911       0                                                                    
 912       0                                                                    
 913       0                                                                    
 914       0                                                                    
 915       0                                                                    
 916       0                                                                    
 917       0                                                                    
 918       0                                                                    
 919       0                                                                    
 920       0                                                                    
 921       0                                                                    
 922       0                                                                    
 923       0                                                                    
 924       0                                                                    
 925       0                                                                    
 926       0                                                                    
 927       0                                                                    
 928       0                                                                    
 929       0                                                                    
 930       0                                                                    
 931       0                                                                    
 932       0                                                                    
 933       0                                                                    
 934       0                                                                    
 935       0                                                                    
 936       0                                                                    
 937       0                                                                    
 938       0                                                                    
 939       0                                                                    
 940       0                                                                    
 941       0                                                                    
 942       0                                                                    
 943       0                                                                    
 944       0                                                                    
 945       0                                                                    
 946       0                                                                    
 947       0                                                                    
 948       0                                                                    
 949       0                                                                    
 950       0                                                                    
 951       0                                                                    
 952       0                                                                    
 953       0                                                                    
 954       0                                                                    
 955       0                                                                    
 956       0                                                                    
 957       0                                                                    
 958       0                                                                    
 959       0                                                                    
 960       0                                                                    
 961       0                                                                    
 962       0                                                                    
 963       0                                                                    
 964       0                                                                    
 965       0                                                                    
 966       0                                                                    
 967       0                                                                    
 968       0                                                                    
 969       0                                                                    
 970       0                                                                    
 971       0                                                                    
 972       0                                                                    
 973       0                                                                    
 974       0                                                                    
 975       0                                                                    
 976       0                                                                    
 977       0                                                                    
 978       0                                                                    
 979       0                                                                    
 980       0                                                                    
 981       0                                                                    
 982       0                                                                    
 983       0                                                                    
 984       0                                                                    
 985       0                                                                    
 986       0                                                                    
 987       0                                                                    
 988       0                                                                    
 989       0                                                                    
 990       0                                                                    
 991       0                                                                    
 992       0                                                                    
 993       0                                                                    
 994       0                                                                    
 995       0                                                                    
 996       0                                                                    
 997       0                                                                    
 998       0                                                                    
 999       0                                                                    
1000       9                                                                    
