SS  SEM Missouri Spr2009 Final Content:SC Grade:05 (18JUN09)                    
   1       0                                                                    
   2       0                                                                    
   3       0                                                                    
   4       0                                                                    
   5       0                                                                    
   6       0                                                                    
   7       0                                                                    
   8       0                                                                    
   9       0                                                                    
  10       0                                                                    
  11       0                                                                    
  12       0                                                                    
  13       0                                                                    
  14       0                                                                    
  15       0                                                                    
  16       0                                                                    
  17       0                                                                    
  18       0                                                                    
  19       0                                                                    
  20       0                                                                    
  21       0                                                                    
  22       0                                                                    
  23       0                                                                    
  24       0                                                                    
  25       0                                                                    
  26       0                                                                    
  27       0                                                                    
  28       0                                                                    
  29       0                                                                    
  30       0                                                                    
  31       0                                                                    
  32       0                                                                    
  33       0                                                                    
  34       0                                                                    
  35       0                                                                    
  36       0                                                                    
  37       0                                                                    
  38       0                                                                    
  39       0                                                                    
  40       0                                                                    
  41       0                                                                    
  42       0                                                                    
  43       0                                                                    
  44       0                                                                    
  45       0                                                                    
  46       0                                                                    
  47       0                                                                    
  48       0                                                                    
  49       0                                                                    
  50       0                                                                    
  51       0                                                                    
  52       0                                                                    
  53       0                                                                    
  54       0                                                                    
  55       0                                                                    
  56       0                                                                    
  57       0                                                                    
  58       0                                                                    
  59       0                                                                    
  60       0                                                                    
  61       0                                                                    
  62       0                                                                    
  63       0                                                                    
  64       0                                                                    
  65       0                                                                    
  66       0                                                                    
  67       0                                                                    
  68       0                                                                    
  69       0                                                                    
  70       0                                                                    
  71       0                                                                    
  72       0                                                                    
  73       0                                                                    
  74       0                                                                    
  75       0                                                                    
  76       0                                                                    
  77       0                                                                    
  78       0                                                                    
  79       0                                                                    
  80       0                                                                    
  81       0                                                                    
  82       0                                                                    
  83       0                                                                    
  84       0                                                                    
  85       0                                                                    
  86       0                                                                    
  87       0                                                                    
  88       0                                                                    
  89       0                                                                    
  90       0                                                                    
  91       0                                                                    
  92       0                                                                    
  93       0                                                                    
  94       0                                                                    
  95       0                                                                    
  96       0                                                                    
  97       0                                                                    
  98       0                                                                    
  99       0                                                                    
 100       0                                                                    
 101       0                                                                    
 102       0                                                                    
 103       0                                                                    
 104       0                                                                    
 105       0                                                                    
 106       0                                                                    
 107       0                                                                    
 108       0                                                                    
 109       0                                                                    
 110       0                                                                    
 111       0                                                                    
 112       0                                                                    
 113       0                                                                    
 114       0                                                                    
 115       0                                                                    
 116       0                                                                    
 117       0                                                                    
 118       0                                                                    
 119       0                                                                    
 120       0                                                                    
 121       0                                                                    
 122       0                                                                    
 123       0                                                                    
 124       0                                                                    
 125       0                                                                    
 126       0                                                                    
 127       0                                                                    
 128       0                                                                    
 129       0                                                                    
 130       0                                                                    
 131       0                                                                    
 132       0                                                                    
 133       0                                                                    
 134       0                                                                    
 135       0                                                                    
 136       0                                                                    
 137       0                                                                    
 138       0                                                                    
 139       0                                                                    
 140       0                                                                    
 141       0                                                                    
 142       0                                                                    
 143       0                                                                    
 144       0                                                                    
 145       0                                                                    
 146       0                                                                    
 147       0                                                                    
 148       0                                                                    
 149       0                                                                    
 150       0                                                                    
 151       0                                                                    
 152       0                                                                    
 153       0                                                                    
 154       0                                                                    
 155       0                                                                    
 156       0                                                                    
 157       0                                                                    
 158       0                                                                    
 159       0                                                                    
 160       0                                                                    
 161       0                                                                    
 162       0                                                                    
 163       0                                                                    
 164       0                                                                    
 165       0                                                                    
 166       0                                                                    
 167       0                                                                    
 168       0                                                                    
 169       0                                                                    
 170       0                                                                    
 171       0                                                                    
 172       0                                                                    
 173       0                                                                    
 174       0                                                                    
 175       0                                                                    
 176       0                                                                    
 177       0                                                                    
 178       0                                                                    
 179       0                                                                    
 180       0                                                                    
 181       0                                                                    
 182       0                                                                    
 183       0                                                                    
 184       0                                                                    
 185       0                                                                    
 186       0                                                                    
 187       0                                                                    
 188       0                                                                    
 189       0                                                                    
 190       0                                                                    
 191       0                                                                    
 192       0                                                                    
 193       0                                                                    
 194       0                                                                    
 195       0                                                                    
 196       0                                                                    
 197       0                                                                    
 198       0                                                                    
 199       0                                                                    
 200       0                                                                    
 201       0                                                                    
 202       0                                                                    
 203       0                                                                    
 204       0                                                                    
 205       0                                                                    
 206       0                                                                    
 207       0                                                                    
 208       0                                                                    
 209       0                                                                    
 210       0                                                                    
 211       0                                                                    
 212       0                                                                    
 213       0                                                                    
 214       0                                                                    
 215       0                                                                    
 216       0                                                                    
 217       0                                                                    
 218       0                                                                    
 219       0                                                                    
 220       0                                                                    
 221       0                                                                    
 222       0                                                                    
 223       0                                                                    
 224       0                                                                    
 225       0                                                                    
 226       0                                                                    
 227       0                                                                    
 228       0                                                                    
 229       0                                                                    
 230       0                                                                    
 231       0                                                                    
 232       0                                                                    
 233       0                                                                    
 234       0                                                                    
 235       0                                                                    
 236       0                                                                    
 237       0                                                                    
 238       0                                                                    
 239       0                                                                    
 240       0                                                                    
 241       0                                                                    
 242       0                                                                    
 243       0                                                                    
 244       0                                                                    
 245       0                                                                    
 246       0                                                                    
 247       0                                                                    
 248       0                                                                    
 249       0                                                                    
 250       0                                                                    
 251       0                                                                    
 252       0                                                                    
 253       0                                                                    
 254       0                                                                    
 255       0                                                                    
 256       0                                                                    
 257       0                                                                    
 258       0                                                                    
 259       0                                                                    
 260       0                                                                    
 261       0                                                                    
 262       0                                                                    
 263       0                                                                    
 264       0                                                                    
 265       0                                                                    
 266       0                                                                    
 267       0                                                                    
 268       0                                                                    
 269       0                                                                    
 270       0                                                                    
 271       0                                                                    
 272       0                                                                    
 273       0                                                                    
 274       0                                                                    
 275       0                                                                    
 276       0                                                                    
 277       0                                                                    
 278       0                                                                    
 279       0                                                                    
 280       0                                                                    
 281       0                                                                    
 282       0                                                                    
 283       0                                                                    
 284       0                                                                    
 285       0                                                                    
 286       0                                                                    
 287       0                                                                    
 288       0                                                                    
 289       0                                                                    
 290       0                                                                    
 291       0                                                                    
 292       0                                                                    
 293       0                                                                    
 294       0                                                                    
 295       0                                                                    
 296       0                                                                    
 297       0                                                                    
 298       0                                                                    
 299       0                                                                    
 300       0                                                                    
 301       0                                                                    
 302       0                                                                    
 303       0                                                                    
 304       0                                                                    
 305       0                                                                    
 306       0                                                                    
 307       0                                                                    
 308       0                                                                    
 309       0                                                                    
 310       0                                                                    
 311       0                                                                    
 312       0                                                                    
 313       0                                                                    
 314       0                                                                    
 315       0                                                                    
 316       0                                                                    
 317       0                                                                    
 318       0                                                                    
 319       0                                                                    
 320       0                                                                    
 321       0                                                                    
 322       0                                                                    
 323       0                                                                    
 324       0                                                                    
 325       0                                                                    
 326       0                                                                    
 327       0                                                                    
 328       0                                                                    
 329       0                                                                    
 330       0                                                                    
 331       0                                                                    
 332       0                                                                    
 333       0                                                                    
 334       0                                                                    
 335       0                                                                    
 336       0                                                                    
 337       0                                                                    
 338       0                                                                    
 339       0                                                                    
 340       0                                                                    
 341       0                                                                    
 342       0                                                                    
 343       0                                                                    
 344       0                                                                    
 345       0                                                                    
 346       0                                                                    
 347       0                                                                    
 348       0                                                                    
 349       0                                                                    
 350       0                                                                    
 351       0                                                                    
 352       0                                                                    
 353       0                                                                    
 354       0                                                                    
 355       0                                                                    
 356       0                                                                    
 357       0                                                                    
 358       0                                                                    
 359       0                                                                    
 360       0                                                                    
 361       0                                                                    
 362       0                                                                    
 363       0                                                                    
 364       0                                                                    
 365       0                                                                    
 366       0                                                                    
 367       0                                                                    
 368       0                                                                    
 369       0                                                                    
 370       0                                                                    
 371       0                                                                    
 372       0                                                                    
 373       0                                                                    
 374       0                                                                    
 375       0                                                                    
 376       0                                                                    
 377       0                                                                    
 378       0                                                                    
 379       0                                                                    
 380       0                                                                    
 381       0                                                                    
 382       0                                                                    
 383       0                                                                    
 384       0                                                                    
 385       0                                                                    
 386       0                                                                    
 387       0                                                                    
 388       0                                                                    
 389       0                                                                    
 390       0                                                                    
 391       0                                                                    
 392       0                                                                    
 393       0                                                                    
 394       0                                                                    
 395       0                                                                    
 396       0                                                                    
 397       0                                                                    
 398       0                                                                    
 399       0                                                                    
 400       0                                                                    
 401       0                                                                    
 402       0                                                                    
 403       0                                                                    
 404       0                                                                    
 405       0                                                                    
 406       0                                                                    
 407       0                                                                    
 408       0                                                                    
 409       0                                                                    
 410       0                                                                    
 411       0                                                                    
 412       0                                                                    
 413       0                                                                    
 414       0                                                                    
 415       0                                                                    
 416       0                                                                    
 417       0                                                                    
 418       0                                                                    
 419       0                                                                    
 420       0                                                                    
 421       0                                                                    
 422       0                                                                    
 423       0                                                                    
 424       0                                                                    
 425       0                                                                    
 426       0                                                                    
 427       0                                                                    
 428       0                                                                    
 429       0                                                                    
 430       0                                                                    
 431       0                                                                    
 432       0                                                                    
 433       0                                                                    
 434       0                                                                    
 435       0                                                                    
 436       0                                                                    
 437       0                                                                    
 438       0                                                                    
 439       0                                                                    
 440       0                                                                    
 441       0                                                                    
 442       0                                                                    
 443       0                                                                    
 444       0                                                                    
 445       0                                                                    
 446       0                                                                    
 447       0                                                                    
 448       0                                                                    
 449       0                                                                    
 450       0                                                                    
 451       0                                                                    
 452       0                                                                    
 453       0                                                                    
 454       0                                                                    
 455       0                                                                    
 456       0                                                                    
 457       0                                                                    
 458       0                                                                    
 459       0                                                                    
 460       0                                                                    
 461       0                                                                    
 462       0                                                                    
 463       0                                                                    
 464       0                                                                    
 465       0                                                                    
 466       0                                                                    
 467       0                                                                    
 468       0                                                                    
 469       0                                                                    
 470      60                                                                    
 471      59                                                                    
 472      58                                                                    
 473      57                                                                    
 474      56                                                                    
 475      56                                                                    
 476      55                                                                    
 477      54                                                                    
 478      53                                                                    
 479      52                                                                    
 480      52                                                                    
 481      51                                                                    
 482      50                                                                    
 483      49                                                                    
 484      49                                                                    
 485      48                                                                    
 486      47                                                                    
 487      47                                                                    
 488      46                                                                    
 489      45                                                                    
 490      45                                                                    
 491      44                                                                    
 492      44                                                                    
 493      43                                                                    
 494      42                                                                    
 495      42                                                                    
 496      41                                                                    
 497      41                                                                    
 498      40                                                                    
 499      40                                                                    
 500      39                                                                    
 501      38                                                                    
 502      38                                                                    
 503      37                                                                    
 504      37                                                                    
 505      36                                                                    
 506      36                                                                    
 507      36                                                                    
 508      35                                                                    
 509      35                                                                    
 510      34                                                                    
 511      34                                                                    
 512      33                                                                    
 513      33                                                                    
 514      32                                                                    
 515      32                                                                    
 516      32                                                                    
 517      31                                                                    
 518      31                                                                    
 519      30                                                                    
 520      30                                                                    
 521      30                                                                    
 522      29                                                                    
 523      29                                                                    
 524      29                                                                    
 525      28                                                                    
 526      28                                                                    
 527      28                                                                    
 528      27                                                                    
 529      27                                                                    
 530      27                                                                    
 531      26                                                                    
 532      26                                                                    
 533      26                                                                    
 534      25                                                                    
 535      25                                                                    
 536      25                                                                    
 537      24                                                                    
 538      24                                                                    
 539      24                                                                    
 540      24                                                                    
 541      23                                                                    
 542      23                                                                    
 543      23                                                                    
 544      22                                                                    
 545      22                                                                    
 546      22                                                                    
 547      22                                                                    
 548      21                                                                    
 549      21                                                                    
 550      21                                                                    
 551      20                                                                    
 552      20                                                                    
 553      20                                                                    
 554      20                                                                    
 555      19                                                                    
 556      19                                                                    
 557      19                                                                    
 558      19                                                                    
 559      18                                                                    
 560      18                                                                    
 561      18                                                                    
 562      18                                                                    
 563      18                                                                    
 564      17                                                                    
 565      17                                                                    
 566      17                                                                    
 567      17                                                                    
 568      16                                                                    
 569      16                                                                    
 570      16                                                                    
 571      16                                                                    
 572      16                                                                    
 573      15                                                                    
 574      15                                                                    
 575      15                                                                    
 576      15                                                                    
 577      15                                                                    
 578      14                                                                    
 579      14                                                                    
 580      14                                                                    
 581      14                                                                    
 582      14                                                                    
 583      14                                                                    
 584      13                                                                    
 585      13                                                                    
 586      13                                                                    
 587      13                                                                    
 588      13                                                                    
 589      13                                                                    
 590      13                                                                    
 591      12                                                                    
 592      12                                                                    
 593      12                                                                    
 594      12                                                                    
 595      12                                                                    
 596      12                                                                    
 597      12                                                                    
 598      12                                                                    
 599      11                                                                    
 600      11                                                                    
 601      11                                                                    
 602      11                                                                    
 603      11                                                                    
 604      11                                                                    
 605      11                                                                    
 606      11                                                                    
 607      11                                                                    
 608      10                                                                    
 609      10                                                                    
 610      10                                                                    
 611      10                                                                    
 612      10                                                                    
 613      10                                                                    
 614      10                                                                    
 615      10                                                                    
 616      10                                                                    
 617      10                                                                    
 618      10                                                                    
 619       9                                                                    
 620       9                                                                    
 621       9                                                                    
 622       9                                                                    
 623       9                                                                    
 624       9                                                                    
 625       9                                                                    
 626       9                                                                    
 627       9                                                                    
 628       9                                                                    
 629       9                                                                    
 630       9                                                                    
 631       9                                                                    
 632       8                                                                    
 633       8                                                                    
 634       8                                                                    
 635       8                                                                    
 636       8                                                                    
 637       8                                                                    
 638       8                                                                    
 639       8                                                                    
 640       8                                                                    
 641       8                                                                    
 642       8                                                                    
 643       8                                                                    
 644       8                                                                    
 645       8                                                                    
 646       8                                                                    
 647       8                                                                    
 648       8                                                                    
 649       8                                                                    
 650       8                                                                    
 651       7                                                                    
 652       7                                                                    
 653       7                                                                    
 654       7                                                                    
 655       7                                                                    
 656       7                                                                    
 657       7                                                                    
 658       7                                                                    
 659       7                                                                    
 660       7                                                                    
 661       7                                                                    
 662       7                                                                    
 663       7                                                                    
 664       7                                                                    
 665       7                                                                    
 666       7                                                                    
 667       7                                                                    
 668       7                                                                    
 669       7                                                                    
 670       7                                                                    
 671       7                                                                    
 672       7                                                                    
 673       7                                                                    
 674       7                                                                    
 675       7                                                                    
 676       7                                                                    
 677       7                                                                    
 678       7                                                                    
 679       7                                                                    
 680       7                                                                    
 681       7                                                                    
 682       7                                                                    
 683       7                                                                    
 684       7                                                                    
 685       7                                                                    
 686       7                                                                    
 687       7                                                                    
 688       7                                                                    
 689       7                                                                    
 690       7                                                                    
 691       8                                                                    
 692       8                                                                    
 693       8                                                                    
 694       8                                                                    
 695       8                                                                    
 696       8                                                                    
 697       8                                                                    
 698       8                                                                    
 699       8                                                                    
 700       8                                                                    
 701       8                                                                    
 702       8                                                                    
 703       8                                                                    
 704       9                                                                    
 705       9                                                                    
 706       9                                                                    
 707       9                                                                    
 708       9                                                                    
 709       9                                                                    
 710       9                                                                    
 711       9                                                                    
 712       9                                                                    
 713      10                                                                    
 714      10                                                                    
 715      10                                                                    
 716      10                                                                    
 717      10                                                                    
 718      10                                                                    
 719      10                                                                    
 720      11                                                                    
 721      11                                                                    
 722      11                                                                    
 723      11                                                                    
 724      11                                                                    
 725      11                                                                    
 726      12                                                                    
 727      12                                                                    
 728      12                                                                    
 729      12                                                                    
 730      12                                                                    
 731      12                                                                    
 732      13                                                                    
 733      13                                                                    
 734      13                                                                    
 735      13                                                                    
 736      13                                                                    
 737      14                                                                    
 738      14                                                                    
 739      14                                                                    
 740      14                                                                    
 741      15                                                                    
 742      15                                                                    
 743      15                                                                    
 744      15                                                                    
 745      15                                                                    
 746      16                                                                    
 747      16                                                                    
 748      16                                                                    
 749      16                                                                    
 750      17                                                                    
 751      17                                                                    
 752      17                                                                    
 753      17                                                                    
 754      18                                                                    
 755      18                                                                    
 756      18                                                                    
 757      18                                                                    
 758      19                                                                    
 759      19                                                                    
 760      19                                                                    
 761      19                                                                    
 762      20                                                                    
 763      20                                                                    
 764      20                                                                    
 765      20                                                                    
 766      21                                                                    
 767      21                                                                    
 768      21                                                                    
 769      22                                                                    
 770      22                                                                    
 771      22                                                                    
 772      23                                                                    
 773      23                                                                    
 774      23                                                                    
 775      24                                                                    
 776      24                                                                    
 777      24                                                                    
 778      25                                                                    
 779      25                                                                    
 780      25                                                                    
 781      26                                                                    
 782      26                                                                    
 783      26                                                                    
 784      27                                                                    
 785      27                                                                    
 786      27                                                                    
 787      28                                                                    
 788      28                                                                    
 789      28                                                                    
 790      29                                                                    
 791      29                                                                    
 792      30                                                                    
 793      30                                                                    
 794      30                                                                    
 795      31                                                                    
 796      31                                                                    
 797      32                                                                    
 798      32                                                                    
 799      33                                                                    
 800      33                                                                    
 801      33                                                                    
 802      34                                                                    
 803      34                                                                    
 804      35                                                                    
 805      35                                                                    
 806      36                                                                    
 807      36                                                                    
 808      37                                                                    
 809      37                                                                    
 810      38                                                                    
 811      38                                                                    
 812      39                                                                    
 813      39                                                                    
 814      40                                                                    
 815      40                                                                    
 816      41                                                                    
 817      41                                                                    
 818      42                                                                    
 819      42                                                                    
 820      43                                                                    
 821      44                                                                    
 822      44                                                                    
 823      45                                                                    
 824      45                                                                    
 825      46                                                                    
 826      47                                                                    
 827      47                                                                    
 828      48                                                                    
 829      48                                                                    
 830      49                                                                    
 831      50                                                                    
 832      50                                                                    
 833      51                                                                    
 834      52                                                                    
 835      52                                                                    
 836      53                                                                    
 837      54                                                                    
 838      55                                                                    
 839      55                                                                    
 840      56                                                                    
 841      57                                                                    
 842      57                                                                    
 843      58                                                                    
 844      59                                                                    
 845      60                                                                    
 846      61                                                                    
 847      61                                                                    
 848      62                                                                    
 849      63                                                                    
 850      64                                                                    
 851      65                                                                    
 852      65                                                                    
 853      66                                                                    
 854      67                                                                    
 855      68                                                                    
 856       0                                                                    
 857       0                                                                    
 858       0                                                                    
 859       0                                                                    
 860       0                                                                    
 861       0                                                                    
 862       0                                                                    
 863       0                                                                    
 864       0                                                                    
 865       0                                                                    
 866       0                                                                    
 867       0                                                                    
 868       0                                                                    
 869       0                                                                    
 870       0                                                                    
 871       0                                                                    
 872       0                                                                    
 873       0                                                                    
 874       0                                                                    
 875       0                                                                    
 876       0                                                                    
 877       0                                                                    
 878       0                                                                    
 879       0                                                                    
 880       0                                                                    
 881       0                                                                    
 882       0                                                                    
 883       0                                                                    
 884       0                                                                    
 885       0                                                                    
 886       0                                                                    
 887       0                                                                    
 888       0                                                                    
 889       0                                                                    
 890       0                                                                    
 891       0                                                                    
 892       0                                                                    
 893       0                                                                    
 894       0                                                                    
 895       0                                                                    
 896       0                                                                    
 897       0                                                                    
 898       0                                                                    
 899       0                                                                    
 900       0                                                                    
 901       0                                                                    
 902       0                                                                    
 903       0                                                                    
 904       0                                                                    
 905       0                                                                    
 906       0                                                                    
 907       0                                                                    
 908       0                                                                    
 909       0                                                                    
 910       0                                                                    
 911       0                                                                    
 912       0                                                                    
 913       0                                                                    
 914       0                                                                    
 915       0                                                                    
 916       0                                                                    
 917       0                                                                    
 918       0                                                                    
 919       0                                                                    
 920       0                                                                    
 921       0                                                                    
 922       0                                                                    
 923       0                                                                    
 924       0                                                                    
 925       0                                                                    
 926       0                                                                    
 927       0                                                                    
 928       0                                                                    
 929       0                                                                    
 930       0                                                                    
 931       0                                                                    
 932       0                                                                    
 933       0                                                                    
 934       0                                                                    
 935       0                                                                    
 936       0                                                                    
 937       0                                                                    
 938       0                                                                    
 939       0                                                                    
 940       0                                                                    
 941       0                                                                    
 942       0                                                                    
 943       0                                                                    
 944       0                                                                    
 945       0                                                                    
 946       0                                                                    
 947       0                                                                    
 948       0                                                                    
 949       0                                                                    
 950       0                                                                    
 951       0                                                                    
 952       0                                                                    
 953       0                                                                    
 954       0                                                                    
 955       0                                                                    
 956       0                                                                    
 957       0                                                                    
 958       0                                                                    
 959       0                                                                    
 960       0                                                                    
 961       0                                                                    
 962       0                                                                    
 963       0                                                                    
 964       0                                                                    
 965       0                                                                    
 966       0                                                                    
 967       0                                                                    
 968       0                                                                    
 969       0                                                                    
 970       0                                                                    
 971       0                                                                    
 972       0                                                                    
 973       0                                                                    
 974       0                                                                    
 975       0                                                                    
 976       0                                                                    
 977       0                                                                    
 978       0                                                                    
 979       0                                                                    
 980       0                                                                    
 981       0                                                                    
 982       0                                                                    
 983       0                                                                    
 984       0                                                                    
 985       0                                                                    
 986       0                                                                    
 987       0                                                                    
 988       0                                                                    
 989       0                                                                    
 990       0                                                                    
 991       0                                                                    
 992       0                                                                    
 993       0                                                                    
 994       0                                                                    
 995       0                                                                    
 996       0                                                                    
 997       0                                                                    
 998       0                                                                    
 999       0                                                                    
1000       7                                                                    
