SS  SEM Missouri Spr2009 Final Content:SC Grade:08 (18JUN09)                    
   1       0                                                                    
   2       0                                                                    
   3       0                                                                    
   4       0                                                                    
   5       0                                                                    
   6       0                                                                    
   7       0                                                                    
   8       0                                                                    
   9       0                                                                    
  10       0                                                                    
  11       0                                                                    
  12       0                                                                    
  13       0                                                                    
  14       0                                                                    
  15       0                                                                    
  16       0                                                                    
  17       0                                                                    
  18       0                                                                    
  19       0                                                                    
  20       0                                                                    
  21       0                                                                    
  22       0                                                                    
  23       0                                                                    
  24       0                                                                    
  25       0                                                                    
  26       0                                                                    
  27       0                                                                    
  28       0                                                                    
  29       0                                                                    
  30       0                                                                    
  31       0                                                                    
  32       0                                                                    
  33       0                                                                    
  34       0                                                                    
  35       0                                                                    
  36       0                                                                    
  37       0                                                                    
  38       0                                                                    
  39       0                                                                    
  40       0                                                                    
  41       0                                                                    
  42       0                                                                    
  43       0                                                                    
  44       0                                                                    
  45       0                                                                    
  46       0                                                                    
  47       0                                                                    
  48       0                                                                    
  49       0                                                                    
  50       0                                                                    
  51       0                                                                    
  52       0                                                                    
  53       0                                                                    
  54       0                                                                    
  55       0                                                                    
  56       0                                                                    
  57       0                                                                    
  58       0                                                                    
  59       0                                                                    
  60       0                                                                    
  61       0                                                                    
  62       0                                                                    
  63       0                                                                    
  64       0                                                                    
  65       0                                                                    
  66       0                                                                    
  67       0                                                                    
  68       0                                                                    
  69       0                                                                    
  70       0                                                                    
  71       0                                                                    
  72       0                                                                    
  73       0                                                                    
  74       0                                                                    
  75       0                                                                    
  76       0                                                                    
  77       0                                                                    
  78       0                                                                    
  79       0                                                                    
  80       0                                                                    
  81       0                                                                    
  82       0                                                                    
  83       0                                                                    
  84       0                                                                    
  85       0                                                                    
  86       0                                                                    
  87       0                                                                    
  88       0                                                                    
  89       0                                                                    
  90       0                                                                    
  91       0                                                                    
  92       0                                                                    
  93       0                                                                    
  94       0                                                                    
  95       0                                                                    
  96       0                                                                    
  97       0                                                                    
  98       0                                                                    
  99       0                                                                    
 100       0                                                                    
 101       0                                                                    
 102       0                                                                    
 103       0                                                                    
 104       0                                                                    
 105       0                                                                    
 106       0                                                                    
 107       0                                                                    
 108       0                                                                    
 109       0                                                                    
 110       0                                                                    
 111       0                                                                    
 112       0                                                                    
 113       0                                                                    
 114       0                                                                    
 115       0                                                                    
 116       0                                                                    
 117       0                                                                    
 118       0                                                                    
 119       0                                                                    
 120       0                                                                    
 121       0                                                                    
 122       0                                                                    
 123       0                                                                    
 124       0                                                                    
 125       0                                                                    
 126       0                                                                    
 127       0                                                                    
 128       0                                                                    
 129       0                                                                    
 130       0                                                                    
 131       0                                                                    
 132       0                                                                    
 133       0                                                                    
 134       0                                                                    
 135       0                                                                    
 136       0                                                                    
 137       0                                                                    
 138       0                                                                    
 139       0                                                                    
 140       0                                                                    
 141       0                                                                    
 142       0                                                                    
 143       0                                                                    
 144       0                                                                    
 145       0                                                                    
 146       0                                                                    
 147       0                                                                    
 148       0                                                                    
 149       0                                                                    
 150       0                                                                    
 151       0                                                                    
 152       0                                                                    
 153       0                                                                    
 154       0                                                                    
 155       0                                                                    
 156       0                                                                    
 157       0                                                                    
 158       0                                                                    
 159       0                                                                    
 160       0                                                                    
 161       0                                                                    
 162       0                                                                    
 163       0                                                                    
 164       0                                                                    
 165       0                                                                    
 166       0                                                                    
 167       0                                                                    
 168       0                                                                    
 169       0                                                                    
 170       0                                                                    
 171       0                                                                    
 172       0                                                                    
 173       0                                                                    
 174       0                                                                    
 175       0                                                                    
 176       0                                                                    
 177       0                                                                    
 178       0                                                                    
 179       0                                                                    
 180       0                                                                    
 181       0                                                                    
 182       0                                                                    
 183       0                                                                    
 184       0                                                                    
 185       0                                                                    
 186       0                                                                    
 187       0                                                                    
 188       0                                                                    
 189       0                                                                    
 190       0                                                                    
 191       0                                                                    
 192       0                                                                    
 193       0                                                                    
 194       0                                                                    
 195       0                                                                    
 196       0                                                                    
 197       0                                                                    
 198       0                                                                    
 199       0                                                                    
 200       0                                                                    
 201       0                                                                    
 202       0                                                                    
 203       0                                                                    
 204       0                                                                    
 205       0                                                                    
 206       0                                                                    
 207       0                                                                    
 208       0                                                                    
 209       0                                                                    
 210       0                                                                    
 211       0                                                                    
 212       0                                                                    
 213       0                                                                    
 214       0                                                                    
 215       0                                                                    
 216       0                                                                    
 217       0                                                                    
 218       0                                                                    
 219       0                                                                    
 220       0                                                                    
 221       0                                                                    
 222       0                                                                    
 223       0                                                                    
 224       0                                                                    
 225       0                                                                    
 226       0                                                                    
 227       0                                                                    
 228       0                                                                    
 229       0                                                                    
 230       0                                                                    
 231       0                                                                    
 232       0                                                                    
 233       0                                                                    
 234       0                                                                    
 235       0                                                                    
 236       0                                                                    
 237       0                                                                    
 238       0                                                                    
 239       0                                                                    
 240       0                                                                    
 241       0                                                                    
 242       0                                                                    
 243       0                                                                    
 244       0                                                                    
 245       0                                                                    
 246       0                                                                    
 247       0                                                                    
 248       0                                                                    
 249       0                                                                    
 250       0                                                                    
 251       0                                                                    
 252       0                                                                    
 253       0                                                                    
 254       0                                                                    
 255       0                                                                    
 256       0                                                                    
 257       0                                                                    
 258       0                                                                    
 259       0                                                                    
 260       0                                                                    
 261       0                                                                    
 262       0                                                                    
 263       0                                                                    
 264       0                                                                    
 265       0                                                                    
 266       0                                                                    
 267       0                                                                    
 268       0                                                                    
 269       0                                                                    
 270       0                                                                    
 271       0                                                                    
 272       0                                                                    
 273       0                                                                    
 274       0                                                                    
 275       0                                                                    
 276       0                                                                    
 277       0                                                                    
 278       0                                                                    
 279       0                                                                    
 280       0                                                                    
 281       0                                                                    
 282       0                                                                    
 283       0                                                                    
 284       0                                                                    
 285       0                                                                    
 286       0                                                                    
 287       0                                                                    
 288       0                                                                    
 289       0                                                                    
 290       0                                                                    
 291       0                                                                    
 292       0                                                                    
 293       0                                                                    
 294       0                                                                    
 295       0                                                                    
 296       0                                                                    
 297       0                                                                    
 298       0                                                                    
 299       0                                                                    
 300       0                                                                    
 301       0                                                                    
 302       0                                                                    
 303       0                                                                    
 304       0                                                                    
 305       0                                                                    
 306       0                                                                    
 307       0                                                                    
 308       0                                                                    
 309       0                                                                    
 310       0                                                                    
 311       0                                                                    
 312       0                                                                    
 313       0                                                                    
 314       0                                                                    
 315       0                                                                    
 316       0                                                                    
 317       0                                                                    
 318       0                                                                    
 319       0                                                                    
 320       0                                                                    
 321       0                                                                    
 322       0                                                                    
 323       0                                                                    
 324       0                                                                    
 325       0                                                                    
 326       0                                                                    
 327       0                                                                    
 328       0                                                                    
 329       0                                                                    
 330       0                                                                    
 331       0                                                                    
 332       0                                                                    
 333       0                                                                    
 334       0                                                                    
 335       0                                                                    
 336       0                                                                    
 337       0                                                                    
 338       0                                                                    
 339       0                                                                    
 340       0                                                                    
 341       0                                                                    
 342       0                                                                    
 343       0                                                                    
 344       0                                                                    
 345       0                                                                    
 346       0                                                                    
 347       0                                                                    
 348       0                                                                    
 349       0                                                                    
 350       0                                                                    
 351       0                                                                    
 352       0                                                                    
 353       0                                                                    
 354       0                                                                    
 355       0                                                                    
 356       0                                                                    
 357       0                                                                    
 358       0                                                                    
 359       0                                                                    
 360       0                                                                    
 361       0                                                                    
 362       0                                                                    
 363       0                                                                    
 364       0                                                                    
 365       0                                                                    
 366       0                                                                    
 367       0                                                                    
 368       0                                                                    
 369       0                                                                    
 370       0                                                                    
 371       0                                                                    
 372       0                                                                    
 373       0                                                                    
 374       0                                                                    
 375       0                                                                    
 376       0                                                                    
 377       0                                                                    
 378       0                                                                    
 379       0                                                                    
 380       0                                                                    
 381       0                                                                    
 382       0                                                                    
 383       0                                                                    
 384       0                                                                    
 385       0                                                                    
 386       0                                                                    
 387       0                                                                    
 388       0                                                                    
 389       0                                                                    
 390       0                                                                    
 391       0                                                                    
 392       0                                                                    
 393       0                                                                    
 394       0                                                                    
 395       0                                                                    
 396       0                                                                    
 397       0                                                                    
 398       0                                                                    
 399       0                                                                    
 400       0                                                                    
 401       0                                                                    
 402       0                                                                    
 403       0                                                                    
 404       0                                                                    
 405       0                                                                    
 406       0                                                                    
 407       0                                                                    
 408       0                                                                    
 409       0                                                                    
 410       0                                                                    
 411       0                                                                    
 412       0                                                                    
 413       0                                                                    
 414       0                                                                    
 415       0                                                                    
 416       0                                                                    
 417       0                                                                    
 418       0                                                                    
 419       0                                                                    
 420       0                                                                    
 421       0                                                                    
 422       0                                                                    
 423       0                                                                    
 424       0                                                                    
 425       0                                                                    
 426       0                                                                    
 427       0                                                                    
 428       0                                                                    
 429       0                                                                    
 430       0                                                                    
 431       0                                                                    
 432       0                                                                    
 433       0                                                                    
 434       0                                                                    
 435       0                                                                    
 436       0                                                                    
 437       0                                                                    
 438       0                                                                    
 439       0                                                                    
 440       0                                                                    
 441       0                                                                    
 442       0                                                                    
 443       0                                                                    
 444       0                                                                    
 445       0                                                                    
 446       0                                                                    
 447       0                                                                    
 448       0                                                                    
 449       0                                                                    
 450       0                                                                    
 451       0                                                                    
 452       0                                                                    
 453       0                                                                    
 454       0                                                                    
 455       0                                                                    
 456       0                                                                    
 457       0                                                                    
 458       0                                                                    
 459       0                                                                    
 460       0                                                                    
 461       0                                                                    
 462       0                                                                    
 463       0                                                                    
 464       0                                                                    
 465       0                                                                    
 466       0                                                                    
 467       0                                                                    
 468       0                                                                    
 469       0                                                                    
 470       0                                                                    
 471       0                                                                    
 472       0                                                                    
 473       0                                                                    
 474       0                                                                    
 475       0                                                                    
 476       0                                                                    
 477       0                                                                    
 478       0                                                                    
 479       0                                                                    
 480       0                                                                    
 481       0                                                                    
 482       0                                                                    
 483       0                                                                    
 484       0                                                                    
 485       0                                                                    
 486       0                                                                    
 487       0                                                                    
 488       0                                                                    
 489       0                                                                    
 490       0                                                                    
 491       0                                                                    
 492       0                                                                    
 493       0                                                                    
 494       0                                                                    
 495       0                                                                    
 496       0                                                                    
 497       0                                                                    
 498       0                                                                    
 499       0                                                                    
 500       0                                                                    
 501       0                                                                    
 502       0                                                                    
 503       0                                                                    
 504       0                                                                    
 505       0                                                                    
 506       0                                                                    
 507       0                                                                    
 508       0                                                                    
 509       0                                                                    
 510       0                                                                    
 511       0                                                                    
 512       0                                                                    
 513       0                                                                    
 514       0                                                                    
 515       0                                                                    
 516       0                                                                    
 517       0                                                                    
 518       0                                                                    
 519       0                                                                    
 520       0                                                                    
 521       0                                                                    
 522       0                                                                    
 523       0                                                                    
 524       0                                                                    
 525       0                                                                    
 526       0                                                                    
 527       0                                                                    
 528       0                                                                    
 529       0                                                                    
 530       0                                                                    
 531       0                                                                    
 532       0                                                                    
 533       0                                                                    
 534       0                                                                    
 535       0                                                                    
 536       0                                                                    
 537       0                                                                    
 538       0                                                                    
 539       0                                                                    
 540      52                                                                    
 541      51                                                                    
 542      51                                                                    
 543      50                                                                    
 544      49                                                                    
 545      48                                                                    
 546      48                                                                    
 547      47                                                                    
 548      46                                                                    
 549      45                                                                    
 550      45                                                                    
 551      44                                                                    
 552      43                                                                    
 553      43                                                                    
 554      42                                                                    
 555      41                                                                    
 556      41                                                                    
 557      40                                                                    
 558      39                                                                    
 559      39                                                                    
 560      38                                                                    
 561      38                                                                    
 562      37                                                                    
 563      36                                                                    
 564      36                                                                    
 565      35                                                                    
 566      35                                                                    
 567      34                                                                    
 568      34                                                                    
 569      33                                                                    
 570      33                                                                    
 571      32                                                                    
 572      31                                                                    
 573      31                                                                    
 574      30                                                                    
 575      30                                                                    
 576      29                                                                    
 577      29                                                                    
 578      28                                                                    
 579      28                                                                    
 580      27                                                                    
 581      27                                                                    
 582      27                                                                    
 583      26                                                                    
 584      26                                                                    
 585      25                                                                    
 586      25                                                                    
 587      24                                                                    
 588      24                                                                    
 589      23                                                                    
 590      23                                                                    
 591      23                                                                    
 592      22                                                                    
 593      22                                                                    
 594      21                                                                    
 595      21                                                                    
 596      21                                                                    
 597      20                                                                    
 598      20                                                                    
 599      20                                                                    
 600      19                                                                    
 601      19                                                                    
 602      18                                                                    
 603      18                                                                    
 604      18                                                                    
 605      18                                                                    
 606      17                                                                    
 607      17                                                                    
 608      17                                                                    
 609      16                                                                    
 610      16                                                                    
 611      16                                                                    
 612      16                                                                    
 613      15                                                                    
 614      15                                                                    
 615      15                                                                    
 616      15                                                                    
 617      14                                                                    
 618      14                                                                    
 619      14                                                                    
 620      14                                                                    
 621      13                                                                    
 622      13                                                                    
 623      13                                                                    
 624      13                                                                    
 625      13                                                                    
 626      12                                                                    
 627      12                                                                    
 628      12                                                                    
 629      12                                                                    
 630      12                                                                    
 631      12                                                                    
 632      11                                                                    
 633      11                                                                    
 634      11                                                                    
 635      11                                                                    
 636      11                                                                    
 637      11                                                                    
 638      11                                                                    
 639      10                                                                    
 640      10                                                                    
 641      10                                                                    
 642      10                                                                    
 643      10                                                                    
 644      10                                                                    
 645      10                                                                    
 646      10                                                                    
 647       9                                                                    
 648       9                                                                    
 649       9                                                                    
 650       9                                                                    
 651       9                                                                    
 652       9                                                                    
 653       9                                                                    
 654       9                                                                    
 655       9                                                                    
 656       9                                                                    
 657       8                                                                    
 658       8                                                                    
 659       8                                                                    
 660       8                                                                    
 661       8                                                                    
 662       8                                                                    
 663       8                                                                    
 664       8                                                                    
 665       8                                                                    
 666       8                                                                    
 667       8                                                                    
 668       8                                                                    
 669       8                                                                    
 670       7                                                                    
 671       7                                                                    
 672       7                                                                    
 673       7                                                                    
 674       7                                                                    
 675       7                                                                    
 676       7                                                                    
 677       7                                                                    
 678       7                                                                    
 679       7                                                                    
 680       7                                                                    
 681       7                                                                    
 682       7                                                                    
 683       7                                                                    
 684       7                                                                    
 685       7                                                                    
 686       7                                                                    
 687       7                                                                    
 688       7                                                                    
 689       7                                                                    
 690       7                                                                    
 691       7                                                                    
 692       7                                                                    
 693       7                                                                    
 694       7                                                                    
 695       7                                                                    
 696       6                                                                    
 697       6                                                                    
 698       6                                                                    
 699       6                                                                    
 700       6                                                                    
 701       6                                                                    
 702       6                                                                    
 703       6                                                                    
 704       6                                                                    
 705       6                                                                    
 706       6                                                                    
 707       6                                                                    
 708       6                                                                    
 709       6                                                                    
 710       6                                                                    
 711       6                                                                    
 712       6                                                                    
 713       6                                                                    
 714       6                                                                    
 715       6                                                                    
 716       6                                                                    
 717       6                                                                    
 718       6                                                                    
 719       6                                                                    
 720       6                                                                    
 721       6                                                                    
 722       7                                                                    
 723       7                                                                    
 724       7                                                                    
 725       7                                                                    
 726       7                                                                    
 727       7                                                                    
 728       7                                                                    
 729       7                                                                    
 730       7                                                                    
 731       7                                                                    
 732       7                                                                    
 733       7                                                                    
 734       7                                                                    
 735       7                                                                    
 736       7                                                                    
 737       7                                                                    
 738       7                                                                    
 739       7                                                                    
 740       7                                                                    
 741       7                                                                    
 742       7                                                                    
 743       7                                                                    
 744       7                                                                    
 745       7                                                                    
 746       7                                                                    
 747       8                                                                    
 748       8                                                                    
 749       8                                                                    
 750       8                                                                    
 751       8                                                                    
 752       8                                                                    
 753       8                                                                    
 754       8                                                                    
 755       8                                                                    
 756       8                                                                    
 757       8                                                                    
 758       8                                                                    
 759       9                                                                    
 760       9                                                                    
 761       9                                                                    
 762       9                                                                    
 763       9                                                                    
 764       9                                                                    
 765       9                                                                    
 766       9                                                                    
 767       9                                                                    
 768      10                                                                    
 769      10                                                                    
 770      10                                                                    
 771      10                                                                    
 772      10                                                                    
 773      10                                                                    
 774      10                                                                    
 775      11                                                                    
 776      11                                                                    
 777      11                                                                    
 778      11                                                                    
 779      11                                                                    
 780      11                                                                    
 781      11                                                                    
 782      12                                                                    
 783      12                                                                    
 784      12                                                                    
 785      12                                                                    
 786      12                                                                    
 787      12                                                                    
 788      13                                                                    
 789      13                                                                    
 790      13                                                                    
 791      13                                                                    
 792      13                                                                    
 793      14                                                                    
 794      14                                                                    
 795      14                                                                    
 796      14                                                                    
 797      14                                                                    
 798      15                                                                    
 799      15                                                                    
 800      15                                                                    
 801      15                                                                    
 802      15                                                                    
 803      16                                                                    
 804      16                                                                    
 805      16                                                                    
 806      16                                                                    
 807      17                                                                    
 808      17                                                                    
 809      17                                                                    
 810      17                                                                    
 811      18                                                                    
 812      18                                                                    
 813      18                                                                    
 814      18                                                                    
 815      19                                                                    
 816      19                                                                    
 817      19                                                                    
 818      20                                                                    
 819      20                                                                    
 820      20                                                                    
 821      20                                                                    
 822      21                                                                    
 823      21                                                                    
 824      21                                                                    
 825      22                                                                    
 826      22                                                                    
 827      22                                                                    
 828      23                                                                    
 829      23                                                                    
 830      23                                                                    
 831      24                                                                    
 832      24                                                                    
 833      24                                                                    
 834      25                                                                    
 835      25                                                                    
 836      26                                                                    
 837      26                                                                    
 838      26                                                                    
 839      27                                                                    
 840      27                                                                    
 841      28                                                                    
 842      28                                                                    
 843      28                                                                    
 844      29                                                                    
 845      29                                                                    
 846      30                                                                    
 847      30                                                                    
 848      31                                                                    
 849      31                                                                    
 850      32                                                                    
 851      32                                                                    
 852      33                                                                    
 853      33                                                                    
 854      34                                                                    
 855      34                                                                    
 856      35                                                                    
 857      35                                                                    
 858      36                                                                    
 859      36                                                                    
 860      37                                                                    
 861      37                                                                    
 862      38                                                                    
 863      38                                                                    
 864      39                                                                    
 865      39                                                                    
 866      40                                                                    
 867      41                                                                    
 868      41                                                                    
 869      42                                                                    
 870      42                                                                    
 871      43                                                                    
 872      44                                                                    
 873      44                                                                    
 874      45                                                                    
 875      45                                                                    
 876      46                                                                    
 877      47                                                                    
 878      47                                                                    
 879      48                                                                    
 880      49                                                                    
 881      49                                                                    
 882      50                                                                    
 883      51                                                                    
 884      51                                                                    
 885      52                                                                    
 886      53                                                                    
 887      54                                                                    
 888      54                                                                    
 889      55                                                                    
 890      56                                                                    
 891      57                                                                    
 892      57                                                                    
 893      58                                                                    
 894      59                                                                    
 895      60                                                                    
 896       0                                                                    
 897       0                                                                    
 898       0                                                                    
 899       0                                                                    
 900       0                                                                    
 901       0                                                                    
 902       0                                                                    
 903       0                                                                    
 904       0                                                                    
 905       0                                                                    
 906       0                                                                    
 907       0                                                                    
 908       0                                                                    
 909       0                                                                    
 910       0                                                                    
 911       0                                                                    
 912       0                                                                    
 913       0                                                                    
 914       0                                                                    
 915       0                                                                    
 916       0                                                                    
 917       0                                                                    
 918       0                                                                    
 919       0                                                                    
 920       0                                                                    
 921       0                                                                    
 922       0                                                                    
 923       0                                                                    
 924       0                                                                    
 925       0                                                                    
 926       0                                                                    
 927       0                                                                    
 928       0                                                                    
 929       0                                                                    
 930       0                                                                    
 931       0                                                                    
 932       0                                                                    
 933       0                                                                    
 934       0                                                                    
 935       0                                                                    
 936       0                                                                    
 937       0                                                                    
 938       0                                                                    
 939       0                                                                    
 940       0                                                                    
 941       0                                                                    
 942       0                                                                    
 943       0                                                                    
 944       0                                                                    
 945       0                                                                    
 946       0                                                                    
 947       0                                                                    
 948       0                                                                    
 949       0                                                                    
 950       0                                                                    
 951       0                                                                    
 952       0                                                                    
 953       0                                                                    
 954       0                                                                    
 955       0                                                                    
 956       0                                                                    
 957       0                                                                    
 958       0                                                                    
 959       0                                                                    
 960       0                                                                    
 961       0                                                                    
 962       0                                                                    
 963       0                                                                    
 964       0                                                                    
 965       0                                                                    
 966       0                                                                    
 967       0                                                                    
 968       0                                                                    
 969       0                                                                    
 970       0                                                                    
 971       0                                                                    
 972       0                                                                    
 973       0                                                                    
 974       0                                                                    
 975       0                                                                    
 976       0                                                                    
 977       0                                                                    
 978       0                                                                    
 979       0                                                                    
 980       0                                                                    
 981       0                                                                    
 982       0                                                                    
 983       0                                                                    
 984       0                                                                    
 985       0                                                                    
 986       0                                                                    
 987       0                                                                    
 988       0                                                                    
 989       0                                                                    
 990       0                                                                    
 991       0                                                                    
 992       0                                                                    
 993       0                                                                    
 994       0                                                                    
 995       0                                                                    
 996       0                                                                    
 997       0                                                                    
 998       0                                                                    
 999       0                                                                    
1000       6                                                                    
